0|0|149.845|-18.080|72.019|151.728|-18.080|69.909|149.686|-18.080|69.248|0
0|1|152.518|-18.080|70.266|151.728|-18.080|69.909|152.240|-18.080|71.993|0
0|2|151.728|-18.080|69.909|151.007|-18.080|66.682|149.686|-18.080|69.248|0
0|3|149.686|-18.080|69.248|151.007|-18.080|66.682|149.218|-18.080|66.738|0
0|4|151.728|-18.080|69.909|152.144|-18.080|69.103|151.007|-18.080|66.682|0
0|5|152.240|-18.080|71.993|151.728|-18.080|69.909|149.845|-18.080|72.019|0
0|6|149.837|-18.080|75.301|152.240|-18.080|71.993|149.845|-18.080|72.019|0
0|7|155.417|-18.080|71.999|153.093|-18.080|69.549|152.518|-18.080|70.266|0
0|8|152.240|-18.080|71.993|155.417|-18.080|71.999|152.518|-18.080|70.266|0
0|9|155.417|-18.080|71.999|155.546|-18.080|70.983|153.093|-18.080|69.549|0
0|10|153.093|-18.080|69.549|153.462|-18.080|66.712|152.144|-18.080|69.103|0
0|11|155.546|-18.080|70.983|155.562|-18.080|66.658|153.093|-18.080|69.549|0
0|12|153.093|-18.080|69.549|155.562|-18.080|66.658|153.462|-18.080|66.712|0
0|13|152.144|-18.080|69.103|153.462|-18.080|66.712|151.007|-18.080|66.682|0
0|14|151.007|-18.080|66.682|151.013|-18.080|63.526|148.189|-18.080|65.599|0
0|15|153.462|-18.080|66.712|153.038|-18.080|63.729|151.013|-18.080|63.526|0
0|16|151.007|-18.080|66.682|153.462|-18.080|66.712|151.013|-18.080|63.526|0
0|17|153.462|-18.080|66.712|154.354|-18.080|64.485|153.038|-18.080|63.729|0
0|18|153.462|-18.080|66.712|155.562|-18.080|66.658|154.354|-18.080|64.485|0
0|19|149.218|-18.080|66.738|151.007|-18.080|66.682|148.189|-18.080|65.599|0
0|20|148.189|-18.080|65.599|147.364|-18.080|63.498|147.026|-18.080|65.220|0
0|21|148.189|-18.080|65.599|151.013|-18.080|63.526|147.364|-18.080|63.498|0
0|22|153.470|-18.080|74.338|155.417|-18.080|71.999|152.240|-18.080|71.993|0
0|23|149.837|-18.080|75.301|153.470|-18.080|74.338|152.240|-18.080|71.993|0
0|24|149.837|-18.080|75.301|150.530|-18.080|77.903|153.470|-18.080|74.338|0
0|25|155.176|-18.080|78.108|154.511|-18.080|75.952|149.874|-18.080|80.123|0
0|26|154.300|-18.080|80.809|155.176|-18.080|78.108|149.874|-18.080|80.123|0
0|27|150.530|-18.080|77.903|154.511|-18.080|75.952|153.470|-18.080|74.338|0
0|28|150.530|-18.080|77.903|149.837|-18.080|75.301|147.669|-18.080|76.678|0
0|29|145.682|-18.080|77.072|148.035|-18.080|79.907|147.669|-18.080|76.678|0
0|30|149.874|-18.080|80.123|154.511|-18.080|75.952|150.530|-18.080|77.903|0
0|31|148.035|-18.080|79.907|150.530|-18.080|77.903|147.669|-18.080|76.678|0
0|32|143.965|-18.080|84.134|145.682|-18.080|77.072|144.005|-18.080|78.479|0
0|33|153.992|-18.080|84.317|154.300|-18.080|80.809|149.874|-18.080|80.123|0
0|34|148.589|-18.080|85.346|153.992|-18.080|84.317|149.874|-18.080|80.123|0
0|35|146.531|-18.080|89.401|152.350|-18.080|86.782|148.589|-18.080|85.346|0
0|36|151.956|-18.080|88.834|152.350|-18.080|86.782|146.531|-18.080|89.401|0
0|37|152.350|-18.080|86.782|153.992|-18.080|84.317|148.589|-18.080|85.346|0
0|38|146.531|-18.080|89.401|148.589|-18.080|85.346|146.105|-18.080|86.171|0
0|39|146.105|-18.080|86.171|146.423|-18.080|84.019|143.965|-18.080|84.134|0
0|40|146.105|-18.080|86.171|148.589|-18.080|85.346|146.423|-18.080|84.019|0
0|41|146.423|-18.080|84.019|148.589|-18.080|85.346|148.035|-18.080|79.907|0
0|42|143.965|-18.080|84.134|146.423|-18.080|84.019|145.682|-18.080|77.072|0
0|43|146.423|-18.080|84.019|148.035|-18.080|79.907|145.682|-18.080|77.072|0
0|44|148.589|-18.080|85.346|149.874|-18.080|80.123|148.035|-18.080|79.907|0
0|45|148.035|-18.080|79.907|149.874|-18.080|80.123|150.530|-18.080|77.903|0
0|46|152.942|-18.080|90.611|151.956|-18.080|88.834|146.531|-18.080|89.401|0
0|47|146.784|-18.080|91.055|152.942|-18.080|90.611|146.531|-18.080|89.401|0
0|48|146.031|-18.080|92.668|152.942|-18.080|90.611|146.784|-18.080|91.055|0
0|49|153.313|-18.080|93.225|152.942|-18.080|90.611|146.031|-18.080|92.668|0
0|50|153.648|-18.080|101.402|153.496|-18.080|97.195|144.859|-18.080|97.754|0
0|51|145.261|-18.080|94.524|153.313|-18.080|93.225|146.031|-18.080|92.668|0
0|52|153.496|-18.080|97.195|153.313|-18.080|93.225|145.261|-18.080|94.524|0
0|53|144.859|-18.080|97.754|153.496|-18.080|97.195|145.261|-18.080|94.524|0
0|54|153.553|-18.080|103.840|153.648|-18.080|101.402|148.505|-18.080|102.229|0
0|55|152.006|-18.080|104.589|153.553|-18.080|103.840|148.505|-18.080|102.229|0
0|56|144.585|-18.080|100.763|148.505|-18.080|102.229|144.859|-18.080|97.754|0
0|57|148.505|-18.080|102.229|153.648|-18.080|101.402|144.859|-18.080|97.754|0
0|58|148.624|-18.080|109.192|152.006|-18.080|104.589|148.505|-18.080|102.229|0
0|59|145.214|-18.080|109.492|148.624|-18.080|109.192|148.505|-18.080|102.229|0
0|60|145.214|-18.080|109.492|144.585|-18.080|100.763|142.615|-17.700|102.573|0
0|61|145.214|-18.080|109.492|148.505|-18.080|102.229|144.585|-18.080|100.763|0
0|62|139.589|-17.700|105.132|145.214|-18.080|109.492|142.615|-17.700|102.573|0
0|63|143.572|-17.700|112.969|148.624|-18.080|109.192|145.214|-18.080|109.492|0
0|64|148.940|-18.080|112.284|148.624|-18.080|109.192|143.572|-17.700|112.969|0
0|65|139.589|-17.700|105.132|141.353|-17.700|102.178|137.218|-17.600|101.445|0
0|66|142.615|-17.700|102.573|141.353|-17.700|102.178|139.589|-17.700|105.132|0
0|67|135.295|-17.700|115.722|131.019|-17.600|110.505|130.254|-17.700|113.669|0
0|68|134.282|-17.700|118.702|136.109|-17.700|117.017|135.295|-17.700|115.722|0
0|69|136.756|-17.600|121.224|134.282|-17.700|118.702|134.447|-17.700|121.170|0
0|70|134.447|-17.700|121.170|134.282|-17.700|118.702|132.995|-17.600|121.037|0
0|71|132.995|-17.600|121.037|134.282|-17.700|118.702|131.793|-17.700|119.416|0
0|72|131.304|-17.700|116.612|135.295|-17.700|115.722|130.254|-17.700|113.669|0
0|73|134.282|-17.700|118.702|135.295|-17.700|115.722|131.304|-17.700|116.612|0
0|74|131.793|-17.700|119.416|134.282|-17.700|118.702|131.304|-17.700|116.612|0
0|75|130.254|-17.700|113.669|131.019|-17.600|110.505|128.263|-17.800|113.610|0
0|76|128.263|-17.800|113.610|131.019|-17.600|110.505|128.798|-17.800|111.994|0
0|77|131.304|-17.700|116.612|130.254|-17.700|113.669|128.263|-17.800|113.610|0
0|78|129.051|-17.700|117.737|131.304|-17.700|116.612|128.263|-17.800|113.610|0
0|79|131.793|-17.700|119.416|131.304|-17.700|116.612|129.051|-17.700|117.737|0
0|80|129.051|-17.700|117.737|128.263|-17.800|113.610|125.239|-17.700|115.967|4
0|81|135.295|-17.700|115.722|139.589|-17.700|105.132|131.019|-17.600|110.505|0
0|82|136.109|-17.700|117.017|142.463|-17.700|110.939|135.295|-17.700|115.722|0
0|83|135.295|-17.700|115.722|142.463|-17.700|110.939|139.589|-17.700|105.132|0
0|84|143.572|-17.700|112.969|145.214|-18.080|109.492|142.463|-17.700|110.939|0
0|85|136.109|-17.700|117.017|143.572|-17.700|112.969|142.463|-17.700|110.939|0
0|86|142.463|-17.700|110.939|145.214|-18.080|109.492|139.589|-17.700|105.132|0
0|87|139.589|-17.700|105.132|137.218|-17.600|101.445|131.019|-17.600|110.505|0
0|88|131.019|-17.600|110.505|137.218|-17.600|101.445|135.717|-17.600|100.014|2
0|89|131.019|-17.600|110.505|135.717|-17.600|100.014|129.336|-17.700|108.961|2
0|90|131.019|-17.600|110.505|129.336|-17.700|108.961|128.798|-17.800|111.994|2
0|91|128.263|-17.800|113.610|128.798|-17.800|111.994|126.962|-17.700|112.835|2
0|92|128.798|-17.800|111.994|129.336|-17.700|108.961|126.962|-17.700|112.835|2
0|93|134.514|-17.700|122.916|136.756|-17.600|121.224|134.447|-17.700|121.170|2
0|94|134.514|-17.700|122.916|134.447|-17.700|121.170|132.995|-17.600|121.037|2
0|95|131.121|-17.700|121.363|132.995|-17.600|121.037|131.793|-17.700|119.416|2
0|96|134.514|-17.700|122.916|132.995|-17.600|121.037|131.121|-17.700|121.363|2
0|97|131.121|-17.700|121.363|131.793|-17.700|119.416|129.051|-17.700|117.737|2
1|0|129.051|-17.700|117.737|128.263|-17.800|113.610|125.937|-17.700|113.246|0
1|1|126.290|-17.700|118.341|125.937|-17.700|113.246|124.100|-17.700|113.123|0
1|2|124.097|-17.700|118.909|126.290|-17.700|118.341|121.974|-17.867|116.930|0
1|3|121.974|-17.867|116.930|124.100|-17.700|113.123|121.790|-17.867|113.295|0
1|4|121.974|-17.867|116.930|126.290|-17.700|118.341|124.100|-17.700|113.123|0
1|5|121.974|-17.867|116.930|121.790|-17.867|113.295|119.320|-17.800|113.501|0
1|6|126.290|-17.700|118.341|129.051|-17.700|117.737|125.937|-17.700|113.246|0
1|7|120.045|-17.800|117.119|121.974|-17.867|116.930|119.320|-17.800|113.501|0
1|8|117.036|-17.600|116.217|120.045|-17.800|117.119|119.320|-17.800|113.501|0
1|9|116.763|-17.800|118.426|120.045|-17.800|117.119|117.036|-17.600|116.217|0
1|10|117.036|-17.600|116.217|119.320|-17.800|113.501|116.383|-17.800|113.295|0
1|11|117.036|-17.600|116.217|116.383|-17.800|113.295|115.232|-17.600|114.571|0
1|12|116.763|-17.800|118.426|117.036|-17.600|116.217|114.969|-17.700|119.275|0
1|13|114.969|-17.700|119.275|117.036|-17.600|116.217|115.232|-17.600|114.571|0
1|14|114.969|-17.700|119.275|115.232|-17.600|114.571|111.155|-17.600|118.959|0
1|15|111.155|-17.600|118.959|115.232|-17.600|114.571|110.827|-17.600|114.344|0
1|16|111.155|-17.600|118.959|110.827|-17.600|114.344|108.393|-17.200|118.148|0
1|17|108.393|-17.200|118.148|110.827|-17.600|114.344|109.565|-17.600|114.404|0
1|18|108.393|-17.200|118.148|109.565|-17.600|114.404|107.881|-17.150|115.956|0
1|19|110.827|-17.600|114.344|114.258|-18.500|110.538|111.277|-18.500|110.751|0
1|20|115.232|-17.600|114.571|115.409|-17.600|112.885|110.827|-17.600|114.344|0
1|21|115.409|-17.600|112.885|114.258|-18.500|110.538|110.827|-17.600|114.344|0
1|22|115.232|-17.600|114.571|116.383|-17.800|113.295|115.409|-17.600|112.885|0
1|23|104.116|-17.150|116.764|107.881|-17.150|115.956|103.327|-17.150|114.489|0
1|24|107.881|-17.150|115.956|109.565|-17.600|114.404|107.986|-17.150|111.947|0
1|25|108.393|-17.200|118.148|107.881|-17.150|115.956|104.116|-17.150|116.764|0
1|26|106.980|-17.150|119.780|108.393|-17.200|118.148|104.116|-17.150|116.764|0
1|27|103.376|-17.150|120.021|106.980|-17.150|119.780|104.116|-17.150|116.764|0
1|28|107.249|-17.200|122.155|106.980|-17.150|119.780|103.376|-17.150|120.021|0
1|29|104.140|-17.150|122.594|107.249|-17.200|122.155|103.376|-17.150|120.021|0
1|30|106.084|-17.150|124.032|107.249|-17.200|122.155|104.140|-17.150|122.594|0
1|31|103.645|-17.150|124.307|106.084|-17.150|124.032|104.140|-17.150|122.594|0
1|32|106.498|-17.150|125.072|106.084|-17.150|124.032|103.645|-17.150|124.307|0
1|33|104.144|-17.150|125.749|106.498|-17.150|125.072|103.645|-17.150|124.307|0
1|34|103.508|-17.200|126.856|106.695|-17.200|127.588|104.144|-17.150|125.749|0
1|35|106.695|-17.200|127.588|106.498|-17.150|125.072|104.144|-17.150|125.749|0
1|36|106.695|-17.200|127.588|107.252|-17.200|126.577|106.498|-17.150|125.072|0
1|37|110.827|-17.600|114.344|109.566|-17.400|112.560|109.565|-17.600|114.404|0
1|38|109.565|-17.600|114.404|109.566|-17.400|112.560|107.986|-17.150|111.947|0
1|39|107.881|-17.150|115.956|107.986|-17.150|111.947|103.327|-17.150|114.489|0
1|40|103.327|-17.150|114.489|107.986|-17.150|111.947|103.137|-17.150|111.305|0
1|41|107.986|-17.150|111.947|106.808|-17.150|109.180|103.137|-17.150|111.305|0
1|42|103.137|-17.150|111.305|106.808|-17.150|109.180|102.815|-17.150|108.143|0
1|43|106.808|-17.150|109.180|106.751|-17.150|107.685|102.815|-17.150|108.143|0
1|44|106.751|-17.150|107.685|106.535|-17.150|104.898|104.695|-17.150|104.844|0
1|45|106.751|-17.150|107.685|107.969|-17.150|106.242|106.535|-17.150|104.898|0
1|46|106.751|-17.150|107.685|104.695|-17.150|104.844|102.815|-17.150|108.143|0
1|47|102.815|-17.150|108.143|104.695|-17.150|104.844|102.644|-17.150|104.303|0
1|48|102.815|-17.150|108.143|102.644|-17.150|104.303|99.566|-17.150|107.511|0
1|49|99.566|-17.150|107.511|102.644|-17.150|104.303|99.942|-17.150|103.251|0
1|50|102.644|-17.150|104.303|101.557|-17.150|102.913|99.942|-17.150|103.251|0
1|51|102.644|-17.150|104.303|103.513|-17.150|103.312|101.557|-17.150|102.913|0
1|52|102.644|-17.150|104.303|104.695|-17.150|104.844|103.513|-17.150|103.312|0
1|53|96.477|-17.150|108.255|99.942|-17.150|103.251|97.513|-17.150|102.076|0
1|54|99.566|-17.150|107.511|99.942|-17.150|103.251|96.477|-17.150|108.255|0
1|55|96.477|-17.150|108.255|97.513|-17.150|102.076|93.272|-17.150|107.844|0
1|56|93.272|-17.150|107.844|97.513|-17.150|102.076|94.417|-17.150|101.290|0
1|57|93.272|-17.150|107.844|94.417|-17.150|101.290|90.988|-17.150|106.955|0
1|58|90.988|-17.150|106.955|94.417|-17.150|101.290|90.555|-17.200|100.591|0
1|59|90.988|-17.150|106.955|90.555|-17.200|100.591|88.161|-17.150|107.090|0
1|60|94.417|-17.150|101.290|92.729|-17.150|99.026|90.555|-17.200|100.591|0
1|61|94.417|-17.150|101.290|95.785|-17.150|99.746|92.729|-17.150|99.026|0
1|62|88.161|-17.150|107.090|90.555|-17.200|100.591|87.938|-17.150|102.111|0
1|63|88.161|-17.150|107.090|87.938|-17.150|102.111|85.487|-17.150|106.703|0
1|64|97.513|-17.150|102.076|95.785|-17.150|99.746|94.417|-17.150|101.290|0
1|65|85.487|-17.150|106.703|87.938|-17.150|102.111|84.085|-17.150|103.005|0
1|66|82.860|-17.150|107.966|84.085|-17.150|103.005|80.882|-17.150|103.118|0
1|67|82.860|-17.150|107.966|85.487|-17.150|106.703|84.085|-17.150|103.005|0
1|68|82.860|-17.150|107.966|80.882|-17.150|103.118|78.679|-17.150|106.745|4
1|69|125.937|-17.700|113.246|125.867|-17.800|111.340|124.100|-17.700|113.123|2
1|70|124.100|-17.700|113.123|123.027|-17.800|112.168|121.790|-17.867|113.295|2
1|71|120.045|-17.800|117.119|124.097|-17.700|118.909|121.974|-17.867|116.930|2
1|72|127.160|-17.700|121.572|126.290|-17.700|118.341|124.097|-17.700|118.909|2
1|73|127.160|-17.700|121.572|129.051|-17.700|117.737|126.290|-17.700|118.341|2
1|74|117.039|-17.700|120.541|120.045|-17.800|117.119|116.763|-17.800|118.426|2
1|75|117.039|-17.700|120.541|116.763|-17.800|118.426|114.969|-17.700|119.275|2
1|76|112.983|-17.700|120.836|114.969|-17.700|119.275|111.155|-17.600|118.959|2
1|77|106.980|-17.150|119.780|111.155|-17.600|118.959|108.393|-17.200|118.148|2
1|78|107.249|-17.200|122.155|108.207|-17.200|120.939|106.980|-17.150|119.780|2
1|79|106.084|-17.150|124.032|107.995|-17.200|123.971|107.249|-17.200|122.155|2
1|80|106.498|-17.150|125.072|107.995|-17.200|123.971|106.084|-17.150|124.032|2
1|81|107.252|-17.200|126.577|107.995|-17.200|123.971|106.498|-17.150|125.072|2
1|82|107.743|-17.200|127.997|107.252|-17.200|126.577|106.695|-17.200|127.588|2
1|83|121.790|-17.867|113.295|120.738|-17.800|112.380|119.320|-17.800|113.501|2
1|84|121.790|-17.867|113.295|123.027|-17.800|112.168|120.738|-17.800|112.380|2
1|85|124.100|-17.700|113.123|125.867|-17.800|111.340|123.027|-17.800|112.168|2
1|86|119.320|-17.800|113.501|120.738|-17.800|112.380|117.029|-17.800|111.305|2
1|88|116.383|-17.800|113.295|119.320|-17.800|113.501|117.029|-17.800|111.305|2
1|89|116.383|-17.800|113.295|117.029|-17.800|111.305|114.258|-18.500|110.538|2
1|90|115.409|-17.600|112.885|116.383|-17.800|113.295|114.258|-18.500|110.538|2
1|91|110.827|-17.600|114.344|109.962|-17.700|110.564|109.566|-17.400|112.560|2
1|92|111.277|-18.500|110.751|114.258|-18.500|110.538|111.587|-18.500|108.483|2
1|93|110.827|-17.600|114.344|111.277|-18.500|110.751|109.962|-17.700|110.564|2
1|94|107.986|-17.150|111.947|107.863|-17.200|110.247|106.808|-17.150|109.180|0
1|95|107.986|-17.150|111.947|109.566|-17.400|112.560|107.863|-17.200|110.247|2
1|96|106.808|-17.150|109.180|107.969|-17.150|106.242|106.751|-17.150|107.685|0
1|97|107.863|-17.200|110.247|107.969|-17.150|106.242|106.808|-17.150|109.180|2
1|98|107.969|-17.150|106.242|108.881|-17.200|104.308|106.535|-17.150|104.898|2
1|99|104.695|-17.150|104.844|105.270|-17.200|103.507|103.513|-17.150|103.312|2
1|100|103.513|-17.150|103.312|102.787|-17.200|102.056|101.557|-17.150|102.913|2
1|101|101.557|-17.150|102.913|100.115|-17.200|101.773|99.942|-17.150|103.251|2
1|102|99.942|-17.150|103.251|100.115|-17.200|101.773|97.513|-17.150|102.076|2
1|103|97.513|-17.150|102.076|98.506|-17.200|99.276|95.785|-17.150|99.746|2
1|104|95.785|-17.150|99.746|95.135|-17.200|98.171|92.729|-17.150|99.026|2
1|105|90.555|-17.200|100.591|92.729|-17.150|99.026|91.088|-17.200|98.001|2
1|106|87.938|-17.150|102.111|90.555|-17.200|100.591|88.012|-17.200|99.513|2
1|107|84.085|-17.150|103.005|87.938|-17.150|102.111|85.462|-17.200|100.306|2
1|108|80.882|-17.150|103.118|84.085|-17.150|103.005|82.096|-17.200|100.764|2
1|109|122.726|-17.600|120.236|127.160|-17.700|121.572|124.097|-17.700|118.909|2
1|110|122.726|-17.600|120.236|124.097|-17.700|118.909|120.045|-17.800|117.119|2
1|111|122.726|-17.600|120.236|120.045|-17.800|117.119|117.039|-17.700|120.541|2
1|112|112.983|-17.700|120.836|117.039|-17.700|120.541|114.969|-17.700|119.275|2
1|113|108.207|-17.200|120.939|111.155|-17.600|118.959|106.980|-17.150|119.780|2
1|114|108.207|-17.200|120.939|112.983|-17.700|120.836|111.155|-17.600|118.959|2
1|115|107.995|-17.200|123.971|108.207|-17.200|120.939|107.249|-17.200|122.155|2
1|116|107.743|-17.200|127.997|107.995|-17.200|123.971|107.252|-17.200|126.577|2
1|117|109.566|-17.400|112.560|109.962|-17.700|110.564|107.863|-17.200|110.247|2
1|118|107.863|-17.200|110.247|109.962|-17.700|110.564|107.969|-17.150|106.242|2
1|119|109.962|-17.700|110.564|108.881|-17.200|104.308|107.969|-17.150|106.242|2
1|120|104.695|-17.150|104.844|106.535|-17.150|104.898|105.270|-17.200|103.507|2
1|121|106.535|-17.150|104.898|108.881|-17.200|104.308|105.270|-17.200|103.507|2
1|122|103.513|-17.150|103.312|105.270|-17.200|103.507|102.787|-17.200|102.056|2
1|123|101.557|-17.150|102.913|102.787|-17.200|102.056|100.115|-17.200|101.773|2
1|124|97.513|-17.150|102.076|100.115|-17.200|101.773|98.506|-17.200|99.276|2
1|125|95.785|-17.150|99.746|98.506|-17.200|99.276|95.135|-17.200|98.171|2
1|126|92.729|-17.150|99.026|95.135|-17.200|98.171|91.088|-17.200|98.001|2
1|127|90.555|-17.200|100.591|91.088|-17.200|98.001|88.012|-17.200|99.513|2
1|128|87.938|-17.150|102.111|88.012|-17.200|99.513|85.462|-17.200|100.306|2
1|129|84.085|-17.150|103.005|85.462|-17.200|100.306|82.096|-17.200|100.764|2
1|130|128.263|-17.800|113.610|125.867|-17.800|111.340|125.937|-17.700|113.246|2
2|0|82.860|-17.150|107.966|80.882|-17.150|103.118|77.099|-17.150|105.763|0
2|1|80.840|-17.150|108.735|82.860|-17.150|107.966|77.099|-17.150|105.763|0
2|2|77.099|-17.150|105.763|80.882|-17.150|103.118|78.272|-17.150|101.841|0
2|3|77.099|-17.150|105.763|78.272|-17.150|101.841|72.382|-17.150|103.826|0
2|4|76.806|-17.150|108.400|80.840|-17.150|108.735|77.099|-17.150|105.763|0
2|5|76.806|-17.150|108.400|77.099|-17.150|105.763|72.346|-17.150|106.904|0
2|6|72.275|-17.150|108.730|76.806|-17.150|108.400|72.346|-17.150|106.904|0
2|7|72.346|-17.150|106.904|77.099|-17.150|105.763|72.382|-17.150|103.826|0
2|8|72.275|-17.150|108.730|72.346|-17.150|106.904|69.106|-17.150|109.576|0
2|9|72.346|-17.150|106.904|72.382|-17.150|103.826|68.883|-17.150|104.767|0
2|10|72.382|-17.150|103.826|78.272|-17.150|101.841|70.860|-17.150|102.200|0
2|11|68.883|-17.150|104.767|72.382|-17.150|103.826|70.860|-17.150|102.200|0
2|12|68.883|-17.150|104.767|70.860|-17.150|102.200|67.915|-17.150|101.485|0
2|13|62.745|-17.150|107.323|63.496|-17.200|102.925|61.658|-17.150|104.812|0
2|14|68.883|-17.150|104.767|67.915|-17.150|101.485|65.634|-17.150|105.546|0
2|15|69.106|-17.150|109.576|68.883|-17.150|104.767|67.224|-17.150|110.447|0
2|16|65.634|-17.150|105.546|67.915|-17.150|101.485|63.496|-17.200|102.925|0
2|17|67.224|-17.150|110.447|68.883|-17.150|104.767|65.634|-17.150|105.546|0
2|18|69.106|-17.150|109.576|72.346|-17.150|106.904|68.883|-17.150|104.767|0
2|19|62.745|-17.150|107.323|61.658|-17.150|104.812|60.265|-17.150|107.163|0
2|20|64.707|-17.150|111.540|67.224|-17.150|110.447|65.634|-17.150|105.546|0
2|21|60.305|-17.150|111.952|62.745|-17.150|107.323|60.265|-17.150|107.163|0
2|22|64.707|-17.150|111.540|65.634|-17.150|105.546|62.745|-17.150|107.323|0
2|23|65.634|-17.150|105.546|63.496|-17.200|102.925|62.745|-17.150|107.323|0
2|24|64.707|-17.150|111.540|62.745|-17.150|107.323|60.305|-17.150|111.952|0
2|25|64.713|-17.150|116.828|64.707|-17.150|111.540|60.305|-17.150|111.952|0
2|26|64.713|-17.150|116.828|67.171|-17.150|116.968|64.707|-17.150|111.540|0
2|27|67.171|-17.150|116.968|67.224|-17.150|110.447|64.707|-17.150|111.540|0
2|28|60.461|-17.150|116.876|64.713|-17.150|116.828|60.305|-17.150|111.952|0
2|29|67.109|-17.150|119.429|64.713|-17.150|116.828|59.766|-17.200|119.319|0
2|30|67.109|-17.150|119.429|67.171|-17.150|116.968|64.713|-17.150|116.828|0
2|31|59.766|-17.200|119.319|64.713|-17.150|116.828|60.461|-17.150|116.876|0
2|32|60.145|-17.150|122.965|67.109|-17.150|119.429|59.766|-17.200|119.319|0
2|33|67.648|-17.150|121.995|67.109|-17.150|119.429|60.145|-17.150|122.965|0
2|34|68.101|-17.150|130.186|67.648|-17.150|121.995|60.145|-17.150|122.965|0
2|35|68.058|-17.150|132.240|68.101|-17.150|130.186|59.046|-17.200|129.110|0
2|36|59.391|-17.150|133.968|68.058|-17.150|132.240|59.046|-17.200|129.110|0
2|37|68.864|-17.150|136.803|68.058|-17.150|132.240|59.391|-17.150|133.968|0
2|38|70.105|-17.150|141.052|68.864|-17.150|136.803|59.273|-17.150|137.345|0
2|39|49.785|0.100|155.881|59.005|0.100|155.857|48.173|0.100|152.150|0
2|40|64.125|-17.150|145.765|70.105|-17.150|141.052|60.885|-17.150|141.076|0
2|41|61.060|-17.150|144.367|64.125|-17.150|145.765|60.885|-17.150|141.076|0
2|42|73.098|-17.200|146.003|73.641|-17.150|137.682|70.105|-17.150|141.052|0
2|43|73.641|-17.150|137.682|73.741|-17.150|134.803|68.864|-17.150|136.803|0
2|44|70.105|-17.150|141.052|73.641|-17.150|137.682|68.864|-17.150|136.803|0
2|45|73.741|-17.150|134.803|73.735|-17.150|130.132|68.058|-17.150|132.240|0
2|46|68.058|-17.150|132.240|73.735|-17.150|130.132|68.101|-17.150|130.186|0
2|47|68.864|-17.150|136.803|73.741|-17.150|134.803|68.058|-17.150|132.240|0
2|48|73.098|-17.200|146.003|77.418|-17.150|139.407|73.641|-17.150|137.682|0
2|49|73.098|-17.200|146.003|79.773|-17.200|146.595|77.418|-17.150|139.407|0
2|50|79.773|-17.200|146.595|81.709|-17.150|141.421|77.418|-17.150|139.407|0
2|51|79.773|-17.200|146.595|82.815|-17.200|146.783|81.709|-17.150|141.421|0
2|52|79.417|-17.150|131.456|77.005|-17.150|129.474|76.995|-17.150|130.189|0
2|53|79.417|-17.150|131.456|79.412|-17.150|129.549|77.005|-17.150|129.474|0
2|54|79.402|-17.150|133.020|79.417|-17.150|131.456|73.741|-17.150|134.803|0
2|55|82.815|-17.200|146.783|82.883|-17.150|141.886|81.709|-17.150|141.421|0
2|56|82.883|-17.150|141.886|85.761|-17.150|139.618|84.031|-17.150|139.729|0
2|57|82.815|-17.200|146.783|85.226|-17.200|146.575|82.883|-17.150|141.886|0
2|58|85.226|-17.200|146.575|85.761|-17.150|139.618|82.883|-17.150|141.886|0
2|59|78.820|-17.150|137.097|80.576|-17.150|132.848|79.402|-17.150|133.020|0
2|60|73.741|-17.150|134.803|79.417|-17.150|131.456|76.995|-17.150|130.189|0
2|61|78.820|-17.150|137.097|79.402|-17.150|133.020|73.741|-17.150|134.803|0
2|62|84.031|-17.150|139.729|84.618|-17.150|132.672|80.576|-17.150|132.848|0
2|63|85.761|-17.150|139.618|86.212|-17.150|132.891|84.031|-17.150|139.729|0
2|64|84.031|-17.150|139.729|86.212|-17.150|132.891|84.618|-17.150|132.672|0
2|65|85.226|-17.200|146.575|89.020|-17.150|145.723|85.761|-17.150|139.618|0
2|66|89.020|-17.150|145.723|91.045|-17.150|139.942|85.761|-17.150|139.618|0
2|67|89.020|-17.150|145.723|94.233|-17.150|145.320|91.045|-17.150|139.942|0
2|68|94.233|-17.150|145.320|96.744|-17.150|139.991|91.045|-17.150|139.942|0
2|69|94.233|-17.150|145.320|98.716|-17.150|145.654|96.744|-17.150|139.991|0
2|70|98.716|-17.150|145.654|98.914|-17.150|140.883|96.744|-17.150|139.991|0
2|71|98.716|-17.150|145.654|100.789|-17.200|145.835|98.914|-17.150|140.883|0
2|72|100.789|-17.200|145.835|105.762|-17.150|140.418|98.914|-17.150|140.883|0
2|73|105.703|-17.200|143.186|105.762|-17.150|140.418|100.789|-17.200|145.835|0
2|74|96.744|-17.150|139.991|96.873|-17.150|137.312|92.440|-17.150|137.187|0
2|75|91.045|-17.150|139.942|96.744|-17.150|139.991|92.440|-17.150|137.187|0
2|76|79.417|-17.150|131.456|86.612|-13.100|131.459|79.412|-17.150|129.549|0
2|77|79.412|-17.150|129.549|86.612|-13.100|131.459|86.614|-13.100|129.272|0
2|78|86.612|-13.100|131.459|87.627|-13.100|131.398|87.580|-13.100|129.204|0
2|79|86.612|-13.100|131.459|87.580|-13.100|129.204|86.614|-13.100|129.272|0
2|80|87.691|-13.100|133.102|93.363|-13.100|132.669|87.627|-13.100|131.398|0
2|81|92.393|-13.100|130.327|92.322|-13.100|129.357|87.627|-13.100|131.398|0
2|82|93.363|-13.100|132.669|93.317|-13.100|130.354|92.393|-13.100|130.327|0
2|83|87.627|-13.100|131.398|92.322|-13.100|129.357|87.580|-13.100|129.204|0
2|84|93.363|-13.100|132.669|92.393|-13.100|130.327|87.627|-13.100|131.398|0
2|85|92.468|-13.100|136.201|92.527|-13.100|135.737|87.681|-13.100|136.201|0
2|86|93.344|-13.100|135.239|93.363|-13.100|132.669|87.691|-13.100|133.102|0
2|87|92.527|-13.100|135.737|93.344|-13.100|135.239|87.691|-13.100|133.102|0
2|88|87.681|-13.100|136.201|92.527|-13.100|135.737|87.687|-13.100|135.526|0
2|89|87.687|-13.100|135.526|92.527|-13.100|135.737|87.691|-13.100|133.102|0
2|90|87.687|-13.100|135.526|87.691|-13.100|133.102|80.913|-8.730|133.201|0
2|91|80.915|-8.730|135.652|87.687|-13.100|135.526|80.913|-8.730|133.201|0
2|92|85.761|-17.150|139.618|92.440|-17.150|137.187|86.212|-17.150|132.891|0
2|93|79.869|-8.730|135.670|80.913|-8.730|133.201|79.875|-8.730|133.159|0
2|94|80.915|-8.730|135.652|80.913|-8.730|133.201|79.869|-8.730|135.670|0
2|95|77.777|-8.730|132.426|79.875|-8.730|133.159|79.795|-8.730|131.425|0
2|96|76.773|-8.730|130.090|79.786|-8.730|129.114|76.750|-8.730|129.095|0
2|97|76.773|-8.730|130.090|79.795|-8.730|131.425|79.786|-8.730|129.114|0
2|98|77.777|-8.730|132.426|79.795|-8.730|131.425|76.773|-8.730|130.090|0
2|99|75.784|-8.730|132.323|76.773|-8.730|130.090|75.826|-8.730|130.128|0
2|100|75.784|-8.730|132.323|77.777|-8.730|132.426|76.773|-8.730|130.090|0
2|101|75.873|-8.730|135.876|77.777|-8.730|132.426|75.784|-8.730|132.323|0
2|102|77.734|-8.730|135.764|79.875|-8.730|133.159|77.777|-8.730|132.426|0
2|103|77.734|-8.730|135.764|77.777|-8.730|132.426|75.873|-8.730|135.876|0
2|104|79.795|-8.730|131.425|86.637|-4.200|131.503|79.786|-8.730|129.114|0
2|105|79.869|-8.730|135.670|79.875|-8.730|133.159|77.734|-8.730|135.764|0
2|106|86.637|-4.200|131.503|87.768|-4.200|131.519|87.970|-4.200|129.001|0
2|107|86.637|-4.200|131.503|87.970|-4.200|129.001|86.604|-4.200|129.056|0
2|108|87.768|-4.200|131.519|92.397|-4.200|129.041|87.970|-4.200|129.001|0
2|109|92.475|-4.200|133.082|92.400|-4.200|130.145|87.768|-4.200|131.519|0
2|110|92.475|-4.200|133.082|93.390|-4.200|133.025|92.400|-4.200|130.145|0
2|111|87.566|-4.200|133.409|92.475|-4.200|133.082|87.768|-4.200|131.519|0
2|112|93.390|-4.200|133.025|93.365|-4.200|130.219|92.400|-4.200|130.145|0
2|113|92.400|-4.200|130.145|92.397|-4.200|129.041|87.768|-4.200|131.519|0
2|114|87.637|-4.200|135.584|88.168|-4.200|135.619|87.566|-4.200|133.409|0
2|115|92.537|-4.200|135.218|92.475|-4.200|133.082|88.168|-4.200|135.619|0
2|116|92.534|-4.200|136.261|92.537|-4.200|135.218|88.039|-4.200|136.170|0
2|117|88.168|-4.200|135.619|92.475|-4.200|133.082|87.566|-4.200|133.409|0
2|118|93.492|-4.200|135.276|92.475|-4.200|133.082|92.537|-4.200|135.218|0
2|119|93.492|-4.200|135.276|93.390|-4.200|133.025|92.475|-4.200|133.082|0
2|120|88.039|-4.200|136.170|92.537|-4.200|135.218|88.168|-4.200|135.619|0
2|121|86.637|-4.200|131.503|86.604|-4.200|129.056|79.786|-8.730|129.114|0
2|122|81.005|0.300|135.539|87.637|-4.200|135.584|81.026|0.300|133.097|0
2|123|87.637|-4.200|135.584|87.566|-4.200|133.409|81.026|0.300|133.097|0
2|124|81.005|0.300|135.539|81.026|0.300|133.097|79.717|0.300|133.041|0
2|125|79.864|0.300|135.605|81.005|0.300|135.539|79.717|0.300|133.041|0
2|126|79.717|0.300|133.041|79.696|0.300|130.431|76.016|0.300|130.466|0
2|127|76.009|0.300|132.982|79.717|0.300|133.041|76.016|0.300|130.466|0
2|128|75.998|0.300|135.596|79.864|0.300|135.605|76.009|0.300|132.982|0
2|129|79.864|0.300|135.605|79.717|0.300|133.041|76.009|0.300|132.982|0
2|130|78.394|0.300|136.343|79.864|0.300|135.605|76.678|0.300|136.382|0
2|131|76.678|0.300|136.382|79.864|0.300|135.605|75.998|0.300|135.596|0
2|132|79.838|0.300|136.324|79.864|0.300|135.605|78.394|0.300|136.343|0
2|133|76.015|0.300|136.396|76.678|0.300|136.382|75.998|0.300|135.596|0
2|134|78.328|0.400|136.786|78.394|0.300|136.343|76.678|0.300|136.382|0
2|135|76.680|0.400|136.792|78.328|0.400|136.786|76.678|0.300|136.382|0
2|136|77.498|0.400|138.105|78.328|0.400|136.786|76.680|0.400|136.792|4
2|137|73.741|-17.150|134.803|76.995|-17.150|130.189|73.735|-17.150|130.132|0
2|138|59.046|-17.200|129.110|68.101|-17.150|130.186|60.145|-17.150|122.965|0
2|139|91.045|-17.150|139.942|92.440|-17.150|137.187|85.761|-17.150|139.618|0
2|140|59.273|-17.150|137.345|68.864|-17.150|136.803|59.391|-17.150|133.968|0
2|141|60.885|-17.150|141.076|70.105|-17.150|141.052|59.273|-17.150|137.345|0
2|142|73.098|-17.200|146.003|70.105|-17.150|141.052|64.125|-17.150|145.765|0
2|143|84.031|-17.150|139.729|80.576|-17.150|132.848|78.820|-17.150|137.097|0
2|144|78.272|-17.150|101.841|80.414|-17.200|100.722|77.183|-17.200|100.386|2
2|145|70.860|-17.150|102.200|71.133|-17.200|100.800|67.915|-17.150|101.485|2
2|146|78.272|-17.150|101.841|77.183|-17.200|100.386|71.133|-17.200|100.800|2
2|147|70.860|-17.150|102.200|78.272|-17.150|101.841|71.133|-17.200|100.800|2
2|148|67.915|-17.150|101.485|71.133|-17.200|100.800|67.266|-17.200|99.583|2
2|149|67.915|-17.150|101.485|67.266|-17.200|99.583|63.496|-17.200|102.925|2
2|150|63.496|-17.200|102.925|67.266|-17.200|99.583|59.718|-17.200|103.449|2
2|151|61.658|-17.150|104.812|63.496|-17.200|102.925|59.718|-17.200|103.449|2
2|152|60.265|-17.150|107.163|61.658|-17.150|104.812|59.718|-17.200|103.449|2
2|153|60.265|-17.150|107.163|59.718|-17.200|103.449|58.787|-17.200|107.197|2
2|154|60.305|-17.150|111.952|60.265|-17.150|107.163|58.787|-17.200|107.197|2
2|155|58.671|-17.200|111.951|60.305|-17.150|111.952|58.787|-17.200|107.197|2
2|156|60.461|-17.150|116.876|60.305|-17.150|111.952|58.671|-17.200|111.951|2
2|157|58.793|-17.200|116.869|60.461|-17.150|116.876|58.671|-17.200|111.951|2
2|158|59.766|-17.200|119.319|60.461|-17.150|116.876|58.793|-17.200|116.869|2
2|159|58.607|-17.200|122.970|60.145|-17.150|122.965|59.766|-17.200|119.319|2
2|160|58.483|-17.200|119.571|59.766|-17.200|119.319|58.793|-17.200|116.869|2
2|161|58.607|-17.200|122.970|59.766|-17.200|119.319|58.483|-17.200|119.571|2
2|162|57.184|-17.200|129.209|60.145|-17.150|122.965|58.607|-17.200|122.970|2
2|163|59.046|-17.200|129.110|60.145|-17.150|122.965|57.184|-17.200|129.209|2
2|164|59.391|-17.150|133.968|59.046|-17.200|129.110|57.184|-17.200|129.209|2
2|165|59.391|-17.150|133.968|57.184|-17.200|129.209|57.751|-17.200|133.623|2
2|166|59.273|-17.150|137.345|59.391|-17.150|133.968|57.751|-17.200|133.623|2
2|167|60.885|-17.150|141.076|59.273|-17.150|137.345|58.229|-17.200|137.452|2
2|168|58.229|-17.200|137.452|59.273|-17.150|137.345|57.751|-17.200|133.623|2
2|169|59.393|-17.200|146.658|60.885|-17.150|141.076|58.229|-17.200|137.452|2
2|170|61.060|-17.150|144.367|60.885|-17.150|141.076|59.393|-17.200|146.658|2
2|171|59.393|-17.200|146.658|64.125|-17.150|145.765|61.060|-17.150|144.367|2
2|172|64.458|-17.200|149.231|64.125|-17.150|145.765|59.393|-17.200|146.658|2
2|173|73.202|-17.200|148.364|73.098|-17.200|146.003|64.458|-17.200|149.231|2
2|174|64.458|-17.200|149.231|73.098|-17.200|146.003|64.125|-17.150|145.765|2
2|175|73.202|-17.200|148.364|79.758|-17.200|148.514|73.098|-17.200|146.003|2
2|176|79.758|-17.200|148.514|79.773|-17.200|146.595|73.098|-17.200|146.003|2
2|177|79.758|-17.200|148.514|82.815|-17.200|146.783|79.773|-17.200|146.595|2
2|178|82.887|-17.200|148.392|82.815|-17.200|146.783|79.758|-17.200|148.514|2
2|179|82.887|-17.200|148.392|85.226|-17.200|146.575|82.815|-17.200|146.783|2
2|180|85.577|-17.200|148.134|85.226|-17.200|146.575|82.887|-17.200|148.392|2
2|181|85.577|-17.200|148.134|89.020|-17.150|145.723|85.226|-17.200|146.575|2
2|182|89.503|-17.200|147.555|89.020|-17.150|145.723|85.577|-17.200|148.134|2
2|183|89.503|-17.200|147.555|94.233|-17.150|145.320|89.020|-17.150|145.723|2
2|184|94.321|-17.200|146.744|94.233|-17.150|145.320|89.503|-17.200|147.555|2
2|185|94.321|-17.200|146.744|98.716|-17.150|145.654|94.233|-17.150|145.320|2
2|186|98.595|-17.200|146.751|98.716|-17.150|145.654|94.321|-17.200|146.744|2
2|187|98.595|-17.200|146.751|100.789|-17.200|145.835|98.716|-17.150|145.654|2
2|188|100.828|-17.200|146.746|100.789|-17.200|145.835|98.595|-17.200|146.751|2
2|189|105.911|-17.200|145.098|105.703|-17.200|143.186|100.789|-17.200|145.835|2
2|190|100.828|-17.200|146.746|105.911|-17.200|145.098|100.789|-17.200|145.835|2
2|191|105.911|-17.200|145.098|107.694|-17.200|142.178|105.703|-17.200|143.186|2
2|192|105.703|-17.200|143.186|107.694|-17.200|142.178|105.762|-17.150|140.418|2
2|193|107.694|-17.200|142.178|107.513|-17.200|139.917|105.762|-17.150|140.418|2
2|194|80.882|-17.150|103.118|80.414|-17.200|100.722|78.272|-17.150|101.841|2
3|0|76.686|0.400|138.827|78.328|0.400|136.786|76.680|0.400|136.792|0
3|1|78.295|0.400|138.824|78.328|0.400|136.786|76.686|0.400|138.827|0
3|2|78.344|0.400|140.888|78.295|0.400|138.824|76.742|0.400|140.904|0
3|3|76.742|0.400|140.904|78.295|0.400|138.824|76.686|0.400|138.827|0
3|4|78.346|0.500|142.329|78.344|0.400|140.888|76.776|0.500|142.391|0
3|5|76.776|0.500|142.391|78.344|0.400|140.888|76.742|0.400|140.904|0
3|6|78.457|0.550|144.477|78.346|0.500|142.329|76.776|0.500|142.391|0
3|7|76.779|0.550|144.372|78.457|0.550|144.477|76.776|0.500|142.391|0
3|8|78.642|0.100|147.811|78.457|0.550|144.477|76.564|0.100|147.578|0
3|9|75.909|0.100|152.986|78.642|0.100|147.811|76.564|0.100|147.578|0
3|10|76.564|0.100|147.578|78.457|0.550|144.477|76.779|0.550|144.372|0
3|11|76.564|0.100|147.578|76.779|0.550|144.372|75.128|0.550|145.763|0
3|12|74.425|0.100|147.269|76.564|0.100|147.578|75.128|0.550|145.763|0
3|13|78.642|0.100|147.811|80.472|0.550|146.272|78.457|0.550|144.477|0
3|14|78.642|0.100|147.811|80.930|0.100|148.011|80.472|0.550|146.272|0
3|15|75.909|0.100|152.986|78.928|0.100|152.967|78.642|0.100|147.811|0
3|16|78.928|0.100|152.967|80.930|0.100|148.011|78.642|0.100|147.811|0
3|17|80.602|0.100|152.421|80.930|0.100|148.011|78.928|0.100|152.967|0
3|18|80.602|0.100|152.421|82.930|0.100|148.955|80.930|0.100|148.011|0
3|19|80.602|0.100|152.421|81.816|0.100|152.605|82.930|0.100|148.955|0
3|20|81.816|0.100|152.605|84.414|0.100|147.550|82.930|0.100|148.955|0
3|21|81.816|0.100|152.605|82.842|0.100|153.520|84.414|0.100|147.550|0
3|22|82.842|0.100|153.520|87.766|0.100|148.417|84.414|0.100|147.550|0
3|23|82.842|0.100|153.520|88.643|0.100|151.978|87.766|0.100|148.417|0
3|24|88.630|0.100|157.056|88.643|0.100|151.978|84.038|0.100|156.981|0
3|25|84.038|0.100|156.981|88.643|0.100|151.978|82.842|0.100|153.520|0
3|26|90.633|0.100|156.952|91.448|0.100|152.000|88.630|0.100|157.056|0
3|27|88.630|0.100|157.056|91.448|0.100|152.000|88.643|0.100|151.978|0
3|28|90.592|0.100|159.992|90.633|0.100|156.952|88.630|0.100|157.056|0
3|29|83.320|0.100|158.715|88.630|0.100|157.056|84.038|0.100|156.981|0
3|30|90.592|0.100|159.992|88.630|0.100|157.056|83.320|0.100|158.715|0
3|31|94.318|-0.300|164.365|94.553|-0.200|162.302|92.596|-0.300|160.536|0
3|32|92.231|-0.200|165.463|92.596|-0.300|160.536|90.256|0.100|164.711|0
3|33|90.256|0.100|164.711|92.596|-0.300|160.536|90.592|0.100|159.992|0
3|34|90.256|0.100|164.711|90.592|0.100|159.992|83.601|0.100|165.835|0
3|35|88.819|0.100|165.912|90.256|0.100|164.711|83.601|0.100|165.835|0
3|36|83.629|0.100|166.839|89.023|0.100|170.434|88.819|0.100|165.912|0
3|37|83.601|0.100|165.835|90.592|0.100|159.992|83.320|0.100|158.715|0
3|38|94.318|-0.300|164.365|92.596|-0.300|160.536|92.231|-0.200|165.463|0
3|39|83.629|0.100|166.839|88.819|0.100|165.912|83.601|0.100|165.835|0
3|40|78.864|0.100|171.586|82.500|0.100|172.350|79.028|0.100|166.877|0
3|41|83.872|0.100|170.566|89.023|0.100|170.434|83.629|0.100|166.839|0
3|42|88.715|0.100|172.535|89.023|0.100|170.434|83.872|0.100|170.566|0
3|43|83.872|0.100|170.566|83.629|0.100|166.839|82.500|0.100|172.350|0
3|44|82.500|0.100|172.350|88.715|0.100|172.535|83.872|0.100|170.566|0
3|45|82.500|0.100|172.350|83.629|0.100|166.839|79.028|0.100|166.877|0
3|46|78.431|0.100|173.092|82.500|0.100|172.350|78.864|0.100|171.586|0
3|47|81.622|0.100|173.257|82.500|0.100|172.350|78.431|0.100|173.092|0
3|48|77.789|0.100|176.367|79.841|0.100|177.911|78.431|0.100|173.092|0
3|49|79.841|0.100|177.911|81.622|0.100|173.257|78.431|0.100|173.092|0
3|50|68.545|0.100|170.841|69.833|0.100|169.060|67.589|0.100|169.423|0
3|51|79.841|0.100|177.911|82.446|0.100|178.610|81.622|0.100|173.257|0
3|52|77.789|0.100|176.367|78.431|0.100|173.092|76.912|0.100|173.014|0
3|53|78.431|0.100|173.092|78.864|0.100|171.586|76.912|0.100|173.014|0
3|54|77.789|0.100|176.367|76.912|0.100|173.014|76.510|0.100|175.783|0
3|55|76.912|0.100|173.014|78.864|0.100|171.586|77.425|0.100|170.777|0
3|56|78.864|0.100|171.586|79.028|0.100|166.877|77.428|0.100|166.966|0
3|57|78.864|0.100|171.586|77.428|0.100|166.966|77.425|0.100|170.777|0
3|58|76.912|0.100|173.014|77.425|0.100|170.777|73.839|0.100|170.462|0
3|59|73.692|0.100|175.088|76.912|0.100|173.014|73.839|0.100|170.462|0
3|60|76.510|0.100|175.783|76.912|0.100|173.014|73.692|0.100|175.088|0
3|61|77.425|0.100|170.777|77.428|0.100|166.966|73.839|0.100|170.462|0
3|62|73.839|0.100|170.462|77.428|0.100|166.966|73.914|0.100|166.728|0
3|63|73.692|0.100|175.088|73.839|0.100|170.462|71.675|0.100|173.841|0
3|64|71.675|0.100|173.841|73.839|0.100|170.462|71.211|0.100|171.203|0
3|65|71.211|0.100|171.203|73.839|0.100|170.462|69.833|0.100|169.060|0
3|66|69.833|0.100|169.060|73.914|0.100|166.728|72.012|0.100|166.702|0
3|67|73.839|0.100|170.462|73.914|0.100|166.728|69.833|0.100|169.060|0
3|68|67.589|0.100|169.423|72.012|0.100|166.702|70.084|0.100|164.527|0
3|69|69.833|0.100|169.060|72.012|0.100|166.702|67.589|0.100|169.423|0
3|70|67.589|0.100|169.423|70.084|0.100|164.527|65.838|0.100|168.229|0
3|71|65.838|0.100|168.229|70.084|0.100|164.527|67.569|0.100|161.919|0
3|72|65.838|0.100|168.229|67.569|0.100|161.919|64.862|0.100|166.750|0
3|73|64.862|0.100|166.750|67.569|0.100|161.919|64.382|0.100|164.917|0
3|74|64.382|0.100|164.917|67.569|0.100|161.919|65.444|0.100|160.757|0
3|75|64.382|0.100|164.917|65.444|0.100|160.757|61.551|0.100|164.564|0
3|76|61.551|0.100|164.564|65.444|0.100|160.757|64.200|0.100|159.711|0
3|77|61.551|0.100|164.564|64.200|0.100|159.711|59.436|0.100|163.518|0
3|78|59.436|0.100|163.518|64.200|0.100|159.711|61.863|0.100|158.852|0
3|79|64.200|0.100|159.711|63.962|0.100|157.356|61.863|0.100|158.852|0
3|80|61.863|0.100|158.852|63.962|0.100|157.356|62.584|0.100|156.377|0
3|81|63.962|0.100|157.356|65.040|0.100|155.169|62.584|0.100|156.377|0
3|82|62.584|0.100|156.377|65.449|0.100|153.026|62.571|0.100|153.106|0
3|83|71.495|0.100|152.950|75.909|0.100|152.986|74.425|0.100|147.269|0
3|84|65.449|0.100|153.026|65.743|0.100|149.483|62.571|0.100|153.106|0
3|85|62.571|0.100|153.106|65.743|0.100|149.483|62.787|0.100|150.337|0
3|86|75.909|0.100|152.986|76.564|0.100|147.578|74.425|0.100|147.269|0
3|87|71.495|0.100|152.950|74.425|0.100|147.269|71.321|0.100|149.841|0
3|88|71.495|0.100|152.950|71.321|0.100|149.841|67.971|0.100|153.006|0
3|89|67.971|0.100|153.006|71.321|0.100|149.841|70.213|0.100|149.707|0
3|90|67.971|0.100|153.006|70.213|0.100|149.707|68.129|0.100|149.701|0
3|91|65.449|0.100|153.026|68.129|0.100|149.701|65.743|0.100|149.483|0
3|92|67.971|0.100|153.006|68.129|0.100|149.701|65.449|0.100|153.026|0
3|93|65.040|0.100|155.169|65.449|0.100|153.026|62.584|0.100|156.377|0
3|94|59.436|0.100|163.518|61.863|0.100|158.852|59.060|0.100|159.192|0
3|95|59.060|0.100|159.192|61.863|0.100|158.852|59.681|0.100|158.104|0
3|96|59.436|0.100|163.518|59.060|0.100|159.192|58.079|0.100|159.088|0
3|97|59.436|0.100|163.518|58.079|0.100|159.088|56.369|0.100|161.273|0
3|98|59.681|0.100|158.104|62.584|0.100|156.377|60.028|0.100|153.314|0
3|99|62.584|0.100|156.377|62.571|0.100|153.106|60.028|0.100|153.314|0
3|100|60.028|0.100|153.314|62.787|0.100|150.337|60.383|0.100|149.310|0
3|101|60.028|0.100|153.314|62.571|0.100|153.106|62.787|0.100|150.337|0
3|102|59.681|0.100|158.104|60.028|0.100|153.314|58.783|0.100|157.451|0
3|103|54.471|0.100|154.119|60.383|0.100|149.310|51.080|0.100|150.119|0
3|104|58.783|0.100|157.451|57.426|0.100|156.300|57.943|0.100|158.061|0
3|105|56.369|0.100|161.273|57.943|0.100|158.061|54.628|0.100|160.278|0
3|106|56.369|0.100|161.273|58.079|0.100|159.088|57.943|0.100|158.061|0
3|107|54.628|0.100|160.278|57.943|0.100|158.061|57.426|0.100|156.300|0
3|108|54.628|0.100|160.278|57.426|0.100|156.300|50.832|0.100|156.952|0
3|109|50.832|0.100|156.952|57.426|0.100|156.300|54.471|0.100|154.119|0
3|110|50.832|0.100|156.952|54.471|0.100|154.119|51.080|0.100|150.119|0
3|111|50.832|0.100|156.952|51.080|0.100|150.119|45.818|0.100|154.673|0
3|112|61.863|0.100|158.852|62.584|0.100|156.377|59.681|0.100|158.104|0
3|113|57.426|0.100|156.300|60.028|0.100|153.314|54.471|0.100|154.119|0
3|114|60.028|0.100|153.314|60.383|0.100|149.310|54.471|0.100|154.119|0
3|115|58.783|0.100|157.451|60.028|0.100|153.314|57.426|0.100|156.300|0
3|116|60.383|0.100|149.310|59.713|0.100|146.783|51.080|0.100|150.119|0
3|117|51.080|0.100|150.119|59.713|0.100|146.783|52.457|0.100|146.822|0
3|118|59.713|0.100|146.783|60.346|0.100|144.632|57.217|0.100|143.344|0
3|119|52.457|0.100|146.822|59.713|0.100|146.783|57.217|0.100|143.344|0
3|120|52.457|0.100|146.822|57.217|0.100|143.344|53.590|0.100|141.028|0
3|121|52.457|0.100|146.822|53.590|0.100|141.028|50.640|0.100|145.002|0
3|122|48.689|0.100|146.395|52.457|0.100|146.822|50.640|0.100|145.002|0
3|123|51.080|0.100|150.119|52.457|0.100|146.822|48.689|0.100|146.395|0
3|124|45.818|0.100|154.673|48.689|0.100|146.395|45.470|0.100|144.472|0
3|125|45.818|0.100|154.673|51.080|0.100|150.119|48.689|0.100|146.395|0
3|126|45.818|0.100|154.673|45.470|0.100|144.472|39.530|0.100|154.720|0
3|127|34.067|0.100|154.572|39.551|0.100|142.691|35.408|0.100|142.590|0
3|128|39.530|0.100|154.720|39.551|0.100|142.691|34.067|0.100|154.572|0
3|129|39.530|0.100|154.720|45.470|0.100|144.472|39.551|0.100|142.691|0
3|130|28.263|0.100|141.282|35.408|0.100|142.590|34.523|0.100|141.268|0
3|131|34.067|0.100|154.572|35.408|0.100|142.590|27.880|0.100|154.704|0
3|132|27.880|0.100|154.704|23.800|0.100|139.351|24.253|0.100|154.448|0
3|133|27.880|0.100|154.704|35.408|0.100|142.590|28.263|0.100|141.282|0
3|134|27.880|0.100|154.704|28.263|0.100|141.282|23.800|0.100|139.351|0
3|135|24.253|0.100|154.448|19.516|0.100|149.682|19.058|0.100|153.367|0
3|136|24.253|0.100|154.448|23.800|0.100|139.351|19.516|0.100|149.682|0
3|137|19.516|0.100|149.682|23.800|0.100|139.351|19.343|0.100|139.590|0
3|138|17.300|0.100|141.250|18.238|0.100|143.511|19.343|0.100|139.590|0
3|139|28.263|0.100|141.282|26.217|0.100|139.194|23.800|0.100|139.351|0
3|140|19.516|0.100|149.682|19.343|0.100|139.590|18.238|0.100|143.511|0
3|141|19.516|0.100|149.682|18.238|0.100|143.511|17.848|0.100|149.674|0
3|142|17.848|0.100|149.674|18.238|0.100|143.511|16.933|0.100|146.298|0
3|143|17.848|0.100|149.674|16.933|0.100|146.298|13.251|0.100|147.342|0
3|144|15.367|0.100|149.275|17.848|0.100|149.674|13.251|0.100|147.342|0
3|145|19.343|0.100|139.590|23.800|0.100|139.351|21.246|0.100|137.512|4
3|146|92.717|0.300|156.673|93.615|0.350|153.675|90.633|0.100|156.952|0
3|147|92.666|0.100|159.570|92.717|0.300|156.673|90.633|0.100|156.952|0
3|148|93.289|0.300|155.938|93.615|0.350|153.675|92.717|0.300|156.673|0
3|149|90.592|0.100|159.992|92.666|0.100|159.570|90.633|0.100|156.952|0
3|150|92.596|-0.300|160.536|92.666|0.100|159.570|90.592|0.100|159.992|0
3|151|91.065|0.400|166.588|92.231|-0.200|165.463|90.256|0.100|164.711|0
3|152|89.627|0.100|172.443|91.660|0.500|168.845|89.023|0.100|170.434|0
3|153|91.065|0.400|166.588|90.256|0.100|164.711|88.819|0.100|165.912|0
3|154|89.023|0.100|170.434|91.065|0.400|166.588|88.819|0.100|165.912|0
3|155|89.023|0.100|170.434|91.660|0.500|168.845|91.065|0.400|166.588|0
3|156|88.715|0.100|172.535|89.627|0.100|172.443|89.023|0.100|170.434|0
3|157|71.211|0.100|171.203|69.833|0.100|169.060|68.545|0.100|170.841|0
3|158|71.675|0.100|173.841|71.211|0.100|171.203|68.545|0.100|170.841|0
3|159|88.643|0.100|151.978|91.448|0.100|152.000|87.766|0.100|148.417|2
3|160|91.448|0.100|152.000|93.449|0.100|149.578|87.766|0.100|148.417|2
3|161|93.615|0.350|153.675|93.449|0.100|149.578|91.448|0.100|152.000|2
3|162|93.289|0.300|155.938|95.049|0.260|154.120|93.615|0.350|153.675|2
3|163|95.049|0.260|154.120|93.449|0.100|149.578|93.615|0.350|153.675|2
3|164|94.972|0.200|155.961|95.049|0.260|154.120|93.289|0.300|155.938|2
3|165|94.972|0.200|155.961|93.289|0.300|155.938|92.717|0.300|156.673|2
3|166|92.666|0.100|159.570|94.972|0.200|155.961|92.717|0.300|156.673|2
3|167|92.596|-0.300|160.536|94.567|-0.200|159.707|92.666|0.100|159.570|2
3|168|92.666|0.100|159.570|94.567|-0.200|159.707|94.972|0.200|155.961|2
3|169|94.553|-0.200|162.302|94.567|-0.200|159.707|92.596|-0.300|160.536|2
3|170|94.318|-0.300|164.365|96.032|-0.200|162.407|94.553|-0.200|162.302|2
3|171|94.553|-0.200|162.302|96.032|-0.200|162.407|94.567|-0.200|159.707|2
3|172|94.318|-0.300|164.365|95.139|-0.200|165.485|96.032|-0.200|162.407|2
3|173|92.231|-0.200|165.463|95.139|-0.200|165.485|94.318|-0.300|164.365|2
3|174|91.065|0.400|166.588|95.139|-0.200|165.485|92.231|-0.200|165.463|2
3|175|91.660|0.500|168.845|95.139|-0.200|165.485|91.065|0.400|166.588|2
3|176|89.627|0.100|172.443|92.825|0.400|169.949|91.660|0.500|168.845|2
3|177|92.825|0.400|169.949|95.139|-0.200|165.485|91.660|0.500|168.845|2
3|178|79.722|0.100|179.401|82.446|0.100|178.610|79.841|0.100|177.911|2
3|179|79.722|0.100|179.401|79.841|0.100|177.911|77.422|0.100|177.599|2
3|180|71.282|0.100|174.985|71.675|0.100|173.841|68.545|0.100|170.841|2
3|181|77.422|0.100|177.599|79.841|0.100|177.911|77.789|0.100|176.367|2
3|182|77.422|0.100|177.599|77.789|0.100|176.367|76.510|0.100|175.783|2
3|183|75.779|0.100|177.163|77.422|0.100|177.599|76.510|0.100|175.783|2
3|184|75.779|0.100|177.163|76.510|0.100|175.783|73.692|0.100|175.088|2
3|185|73.510|0.100|176.204|75.779|0.100|177.163|73.692|0.100|175.088|2
3|186|73.510|0.100|176.204|73.692|0.100|175.088|71.675|0.100|173.841|2
3|187|71.282|0.100|174.985|73.510|0.100|176.204|71.675|0.100|173.841|2
3|188|67.703|0.100|171.734|71.282|0.100|174.985|68.545|0.100|170.841|2
3|189|67.703|0.100|171.734|68.545|0.100|170.841|67.589|0.100|169.423|2
3|190|67.703|0.100|171.734|67.589|0.100|169.423|65.838|0.100|168.229|2
3|191|67.703|0.100|171.734|65.838|0.100|168.229|64.992|0.100|168.841|2
3|192|64.992|0.100|168.841|65.838|0.100|168.229|64.862|0.100|166.750|2
3|193|64.992|0.100|168.841|64.862|0.100|166.750|63.186|0.100|167.012|2
3|194|63.186|0.100|167.012|64.862|0.100|166.750|64.382|0.100|164.917|2
3|195|63.186|0.100|167.012|64.382|0.100|164.917|61.551|0.100|164.564|2
3|196|47.184|0.100|156.575|50.832|0.100|156.952|45.818|0.100|154.673|0
3|197|42.671|0.100|156.426|45.818|0.100|154.673|39.530|0.100|154.720|0
3|198|36.188|0.100|156.273|39.530|0.100|154.720|34.067|0.100|154.572|0
3|199|28.910|0.100|155.598|34.067|0.100|154.572|27.880|0.100|154.704|0
3|200|25.185|0.100|155.739|27.880|0.100|154.704|24.253|0.100|154.448|0
3|201|21.590|0.100|155.592|24.253|0.100|154.448|19.058|0.100|153.367|0
3|202|19.058|0.100|153.367|19.516|0.100|149.682|17.848|0.100|149.674|0
3|203|43.217|0.100|158.878|47.184|0.100|156.575|45.818|0.100|154.673|2
3|204|43.217|0.100|158.878|45.818|0.100|154.673|42.671|0.100|156.426|2
3|205|43.217|0.100|158.878|42.671|0.100|156.426|39.530|0.100|154.720|2
3|206|43.217|0.100|158.878|39.530|0.100|154.720|39.317|0.100|157.081|2
3|207|39.317|0.100|157.081|39.530|0.100|154.720|36.188|0.100|156.273|2
3|208|35.936|0.100|157.659|39.317|0.100|157.081|36.188|0.100|156.273|2
3|209|36.188|0.100|156.273|34.067|0.100|154.572|35.936|0.100|157.659|2
3|210|35.936|0.100|157.659|34.067|0.100|154.572|28.910|0.100|155.598|2
3|211|27.137|0.100|157.069|28.910|0.100|155.598|27.880|0.100|154.704|2
3|212|27.137|0.100|157.069|35.936|0.100|157.659|28.910|0.100|155.598|2
3|213|27.137|0.100|157.069|27.880|0.100|154.704|25.185|0.100|155.739|2
3|214|23.048|0.100|156.928|27.137|0.100|157.069|25.185|0.100|155.739|2
3|215|25.185|0.100|155.739|24.253|0.100|154.448|23.048|0.100|156.928|2
3|216|23.048|0.100|156.928|24.253|0.100|154.448|21.590|0.100|155.592|2
3|217|19.197|0.100|156.554|21.590|0.100|155.592|19.058|0.100|153.367|2
3|218|19.197|0.100|156.554|23.048|0.100|156.928|21.590|0.100|155.592|2
3|219|19.197|0.100|156.554|19.058|0.100|153.367|16.450|0.100|152.404|2
3|220|19.058|0.100|153.367|17.848|0.100|149.674|16.450|0.100|152.404|2
3|221|16.450|0.100|152.404|17.848|0.100|149.674|15.367|0.100|149.275|2
3|222|14.169|0.100|150.478|15.367|0.100|149.275|13.251|0.100|147.342|2
3|223|16.450|0.100|152.404|15.367|0.100|149.275|14.169|0.100|150.478|2
3|224|90.633|0.100|156.952|93.615|0.350|153.675|91.448|0.100|152.000|0
4|0|19.343|0.100|139.590|23.800|0.100|139.351|18.921|0.100|136.997|0
4|1|23.800|0.100|139.351|23.601|0.100|137.754|18.921|0.100|136.997|0
4|2|24.422|0.100|136.573|25.396|0.100|136.660|26.183|0.100|134.264|0
4|3|18.921|0.100|136.997|23.601|0.100|137.754|24.422|0.100|136.573|0
4|4|24.422|0.100|136.573|26.183|0.100|134.264|25.186|0.100|133.063|0
4|5|18.765|0.100|134.866|25.186|0.100|133.063|24.538|0.100|128.224|0
4|6|18.765|0.100|134.866|24.538|0.100|128.224|18.465|0.100|128.676|0
4|7|10.866|0.100|130.993|10.879|0.100|129.764|9.615|0.100|130.585|0
4|8|15.769|0.100|136.995|14.643|0.100|134.851|14.101|0.100|136.623|0
4|9|14.643|0.100|134.851|18.765|0.100|134.866|13.661|0.100|131.925|0
4|10|18.765|0.100|134.866|18.465|0.100|128.676|13.661|0.100|131.925|0
4|11|13.661|0.100|131.925|10.866|0.100|130.993|11.376|0.100|132.166|0
4|12|18.921|0.100|136.997|24.422|0.100|136.573|18.765|0.100|134.866|0
4|13|24.422|0.100|136.573|25.186|0.100|133.063|18.765|0.100|134.866|0
4|14|15.769|0.100|136.995|18.921|0.100|136.997|14.643|0.100|134.851|0
4|15|18.921|0.100|136.997|18.765|0.100|134.866|14.643|0.100|134.851|0
4|16|10.866|0.100|130.993|13.661|0.100|131.925|10.879|0.100|129.764|0
4|17|13.661|0.100|131.925|18.465|0.100|128.676|10.879|0.100|129.764|0
4|18|18.465|0.100|128.676|23.509|0.100|124.181|18.003|0.100|123.014|0
4|19|24.538|0.100|128.224|23.509|0.100|124.181|18.465|0.100|128.676|0
4|20|18.465|0.100|128.676|18.003|0.100|123.014|10.156|0.100|125.698|0
4|21|10.879|0.100|129.764|18.465|0.100|128.676|10.156|0.100|125.698|0
4|22|10.156|0.100|125.698|18.003|0.100|123.014|12.928|0.100|119.730|0
4|23|10.156|0.100|125.698|12.928|0.100|119.730|6.476|0.100|123.195|0
4|24|18.003|0.100|123.014|23.509|0.100|124.181|17.805|0.100|117.331|0
4|25|18.003|0.100|123.014|17.805|0.100|117.331|12.928|0.100|119.730|0
4|26|23.509|0.100|124.181|21.863|0.100|118.875|17.805|0.100|117.331|0
4|27|21.863|0.100|118.875|20.527|0.100|117.018|17.805|0.100|117.331|0
4|28|17.805|0.100|117.331|20.527|0.100|117.018|20.117|0.100|114.069|0
4|29|17.805|0.100|117.331|20.117|0.100|114.069|17.420|0.100|111.354|0
4|30|12.928|0.100|119.730|17.805|0.100|117.331|8.930|0.100|111.411|0
4|31|12.928|0.100|119.730|8.930|0.100|111.411|6.476|0.100|123.195|0
4|32|2.613|0.100|113.194|8.930|0.100|111.411|0.980|0.100|110.033|0
4|33|3.732|0.100|120.595|6.476|0.100|123.195|2.613|0.100|113.194|0
4|34|6.476|0.100|123.195|8.930|0.100|111.411|2.613|0.100|113.194|0
4|35|17.805|0.100|117.331|17.420|0.100|111.354|8.930|0.100|111.411|0
4|36|20.117|0.100|114.069|20.343|0.100|111.419|17.420|0.100|111.354|0
4|37|20.343|0.100|111.419|19.419|0.100|107.455|17.420|0.100|111.354|0
4|38|17.420|0.100|111.354|19.419|0.100|107.455|17.408|0.100|106.255|0
4|39|17.420|0.100|111.354|17.408|0.100|106.255|8.376|0.100|106.900|0
4|40|8.930|0.100|111.411|17.420|0.100|111.354|8.376|0.100|106.900|0
4|41|8.930|0.100|111.411|8.376|0.100|106.900|0.980|0.100|110.033|0
4|42|8.376|0.100|106.900|8.546|0.100|97.899|-0.090|0.100|107.174|0
4|43|-0.090|0.100|107.174|8.546|0.100|97.899|-1.275|0.100|103.425|0
4|44|0.980|0.100|110.033|8.376|0.100|106.900|-0.090|0.100|107.174|0
4|45|-1.275|0.100|103.425|8.546|0.100|97.899|-1.289|0.100|98.982|0
4|46|8.376|0.100|106.900|12.306|0.100|99.784|8.546|0.100|97.899|0
4|47|17.408|0.100|106.255|12.306|0.100|99.784|8.376|0.100|106.900|0
4|48|17.408|0.100|106.255|16.868|0.100|100.546|12.306|0.100|99.784|0
4|49|-1.289|0.100|98.982|8.546|0.100|97.899|4.126|0.100|95.736|0
4|50|-1.289|0.100|98.982|4.126|0.100|95.736|-0.691|0.100|97.081|0
4|51|-0.691|0.100|97.081|4.126|0.100|95.736|2.925|0.100|93.289|0
4|52|-0.691|0.100|97.081|2.925|0.100|93.289|-1.564|0.100|95.239|0
4|53|-1.564|0.100|95.239|2.925|0.100|93.289|-0.765|0.100|91.908|4
5|0|-1.564|0.100|95.239|2.925|0.100|93.289|-4.310|0.100|93.851|0
5|1|2.925|0.100|93.289|1.533|0.100|90.506|-4.310|0.100|93.851|0
5|2|-4.310|0.100|93.851|1.533|0.100|90.506|-7.759|0.100|91.832|0
5|3|-7.759|0.100|91.832|1.533|0.100|90.506|0.592|0.100|86.815|0
5|4|-7.759|0.100|91.832|0.592|0.100|86.815|-7.286|0.100|84.951|0
5|5|1.533|0.100|90.506|2.190|0.100|88.372|0.592|0.100|86.815|0
5|6|0.592|0.100|86.815|0.976|0.100|81.528|-7.286|0.100|84.951|0
5|7|-5.982|0.100|82.507|0.976|0.100|81.528|-2.073|0.100|80.260|0
5|8|-7.286|0.100|84.951|0.976|0.100|81.528|-5.982|0.100|82.507|0
5|9|-5.982|0.100|82.507|-2.073|0.100|80.260|-5.830|0.100|80.191|0
5|10|-5.830|0.100|80.191|-2.331|0.100|75.665|-7.067|0.100|79.396|0
5|11|-2.073|0.100|80.260|-2.331|0.100|75.665|-5.830|0.100|80.191|0
5|12|-7.067|0.100|79.396|-2.331|0.100|75.665|-6.110|0.100|77.163|0
5|13|-6.110|0.100|77.163|-2.331|0.100|75.665|-7.040|0.100|71.565|0
5|14|-2.331|0.100|75.665|-1.115|0.100|72.772|-7.040|0.100|71.565|0
5|15|-7.040|0.100|71.565|-1.115|0.100|72.772|-6.219|0.100|68.953|0
5|16|-1.115|0.100|72.772|-0.345|0.100|69.103|-6.219|0.100|68.953|0
5|17|-6.219|0.100|68.953|-6.201|0.100|64.829|-8.702|0.100|66.957|0
5|18|-6.219|0.100|68.953|-0.440|0.100|65.303|-6.201|0.100|64.829|0
5|19|-0.345|0.100|69.103|-0.440|0.100|65.303|-6.219|0.100|68.953|0
5|20|-0.440|0.100|65.303|0.360|0.100|63.000|-6.456|0.100|61.027|0
5|21|-6.201|0.100|64.829|-0.440|0.100|65.303|-6.456|0.100|61.027|0
5|22|-6.201|0.100|64.829|-6.456|0.100|61.027|-8.364|0.100|61.032|0
5|23|0.360|0.100|63.000|1.605|0.100|59.801|-6.459|0.100|57.638|0
5|24|-8.364|0.100|61.032|-6.456|0.100|61.027|-8.713|0.100|57.536|0
5|25|-6.456|0.100|61.027|-6.459|0.100|57.638|-8.713|0.100|57.536|0
5|26|-8.702|0.100|66.957|-6.201|0.100|64.829|-8.364|0.100|61.032|0
5|27|-6.459|0.100|57.638|1.605|0.100|59.801|-6.649|0.100|54.685|0
5|28|1.605|0.100|59.801|-0.203|0.100|55.456|-6.649|0.100|54.685|0
5|29|-6.649|0.100|54.685|-0.203|0.100|55.456|-0.850|0.100|50.844|0
5|30|-8.713|0.100|57.536|-6.649|0.100|54.685|-10.377|0.100|54.359|0
5|31|-6.456|0.100|61.027|0.360|0.100|63.000|-6.459|0.100|57.638|0
5|32|-6.459|0.100|57.638|-6.649|0.100|54.685|-8.713|0.100|57.536|0
5|33|-9.853|0.100|50.254|-0.850|0.100|50.844|-2.197|0.100|47.749|0
5|34|-6.649|0.100|54.685|-0.850|0.100|50.844|-9.853|0.100|50.254|0
5|35|-6.649|0.100|54.685|-9.853|0.100|50.254|-10.377|0.100|54.359|0
5|36|-2.197|0.100|47.749|-1.651|0.100|43.189|-10.212|0.100|44.838|0
5|37|-9.853|0.100|50.254|-2.197|0.100|47.749|-10.212|0.100|44.838|0
5|38|-10.212|0.100|44.838|-1.651|0.100|43.189|-9.701|0.100|42.434|0
5|39|-1.651|0.100|43.189|-1.687|0.100|36.870|-9.701|0.100|42.434|0
5|40|-9.701|0.100|42.434|-1.687|0.100|36.870|-7.624|0.100|36.654|0
5|41|-7.624|0.100|36.654|-1.687|0.100|36.870|-7.626|0.100|31.923|0
5|42|-7.626|0.100|31.923|-1.785|0.100|31.813|-6.508|0.100|27.835|0
5|43|-1.687|0.100|36.870|-1.785|0.100|31.813|-7.626|0.100|31.923|0
5|44|-1.785|0.100|31.813|-0.288|0.100|28.110|-6.508|0.100|27.835|0
5|45|-6.508|0.100|27.835|-0.288|0.100|28.110|-6.170|0.800|19.606|0
5|46|-0.288|0.100|28.110|-1.673|0.800|20.289|-6.170|0.800|19.606|0
5|47|-1.673|0.800|20.289|-3.809|0.800|16.920|-6.170|0.800|19.606|4
6|0|-1.673|0.800|20.289|-0.553|0.800|18.882|-6.170|0.800|19.606|0
6|1|-10.297|0.800|7.067|3.476|0.800|6.842|-10.042|0.800|-7.087|0
6|2|3.476|0.800|6.842|3.701|0.800|-7.330|-10.042|0.800|-7.087|0
6|3|12.284|0.800|14.421|18.042|0.800|6.970|3.476|0.800|6.842|0
6|4|-10.297|0.800|7.067|-10.042|0.800|-7.087|-19.710|0.800|-0.117|0
6|5|18.042|0.800|6.970|18.242|0.800|-7.164|3.701|0.800|-7.330|0
6|6|3.476|0.800|6.842|18.042|0.800|6.970|3.701|0.800|-7.330|0
6|7|-18.919|0.800|5.690|-10.297|0.800|7.067|-19.710|0.800|-0.117|0
6|8|-15.006|0.800|11.728|-10.297|0.800|7.067|-18.919|0.800|5.690|0
6|9|-0.553|0.800|18.882|3.476|0.800|6.842|-10.297|0.800|7.067|0
6|10|-19.710|0.800|-0.117|-10.042|0.800|-7.087|-16.634|0.800|-8.345|0
6|11|3.432|0.800|19.180|3.476|0.800|6.842|-0.553|0.800|18.882|0
6|12|-6.170|0.800|19.606|-0.553|0.800|18.882|-6.939|0.800|16.491|0
6|13|-0.553|0.800|18.882|-10.297|0.800|7.067|-6.939|0.800|16.491|0
6|14|-6.939|0.800|16.491|-10.297|0.800|7.067|-15.006|0.800|11.728|0
6|15|3.432|0.800|19.180|12.284|0.800|14.421|3.476|0.800|6.842|0
6|16|18.242|0.800|-7.164|14.208|0.800|-13.559|3.701|0.800|-7.330|0
6|17|3.701|0.800|-7.330|14.208|0.800|-13.559|8.964|0.800|-16.528|0
6|18|3.701|0.800|-7.330|-0.452|0.800|-14.821|-6.360|0.800|-9.671|0
6|19|3.701|0.800|-7.330|-6.360|0.800|-9.671|-10.042|0.800|-7.087|0
6|20|-0.452|0.800|-14.821|8.964|0.800|-16.528|0.384|0.800|-18.767|0
6|21|3.701|0.800|-7.330|8.964|0.800|-16.528|-0.452|0.800|-14.821|0
6|22|-10.042|0.800|-7.087|-11.971|0.800|-12.025|-16.634|0.800|-8.345|0
6|23|-10.042|0.800|-7.087|-6.360|0.800|-9.671|-11.971|0.800|-12.025|0
