0|0|53.056|-13.450|2.024|51.738|-13.450|2.785|51.730|-13.450|3.622|0
0|1|49.300|-13.450|5.140|51.004|-13.450|3.925|50.337|-13.450|3.591|0
0|2|53.043|-13.450|5.078|56.005|-13.450|2.023|53.056|-13.450|2.024|0
0|3|55.784|-13.450|4.990|56.005|-13.450|2.023|53.043|-13.450|5.078|0
0|4|46.535|-13.450|4.996|49.045|-13.450|2.042|46.289|-13.450|2.016|0
0|5|49.300|-13.450|5.140|49.045|-13.450|2.042|46.535|-13.450|4.996|0
0|6|50.928|-13.450|2.372|53.070|-13.450|-0.412|49.534|-13.450|-0.444|0
0|7|53.056|-13.450|2.024|53.070|-13.450|-0.412|50.928|-13.450|2.372|0
0|8|53.019|-13.450|7.735|53.043|-13.450|5.078|51.590|-13.450|5.067|0
0|9|53.019|-13.450|7.735|51.590|-13.450|5.067|49.428|-13.450|7.693|0
0|10|49.428|-13.450|7.693|49.300|-13.450|5.140|47.590|-13.450|6.670|0
0|11|53.019|-13.450|7.735|54.557|-13.450|6.582|53.043|-13.450|5.078|0
0|12|46.289|-13.450|2.016|49.045|-13.450|2.042|46.813|-13.450|0.512|0
0|13|53.056|-13.450|2.024|55.187|-13.450|0.268|53.070|-13.450|-0.412|0
0|14|47.590|-13.450|6.670|49.300|-13.450|5.140|46.535|-13.450|4.996|0
0|15|54.557|-13.450|6.582|55.784|-13.450|4.990|53.043|-13.450|5.078|0
0|16|53.056|-13.450|2.024|56.005|-13.450|2.023|55.187|-13.450|0.268|0
0|17|49.045|-13.450|2.042|49.534|-13.450|-0.444|46.813|-13.450|0.512|0
0|18|49.471|-7.450|-14.004|53.253|-7.450|-14.023|53.294|-7.450|-17.799|0
0|19|49.471|-7.450|-14.004|53.294|-7.450|-17.799|49.474|-7.450|-17.845|0
0|20|49.475|-12.700|-2.352|53.274|-12.700|-2.306|49.471|-7.450|-14.004|0
0|21|53.274|-12.700|-2.306|53.253|-7.450|-14.023|49.471|-7.450|-14.004|0
0|22|53.294|-7.450|-17.799|53.283|-7.450|-22.601|49.474|-7.450|-17.845|0
0|23|49.474|-7.450|-17.845|53.283|-7.450|-22.601|49.456|-7.450|-22.625|0
0|24|53.283|-7.450|-22.601|53.248|-7.450|-27.002|49.456|-7.450|-22.625|0
0|25|49.456|-7.450|-22.625|53.248|-7.450|-27.002|49.411|-7.450|-27.004|0
0|26|49.480|-5.470|-31.149|53.182|-5.470|-34.668|49.543|-5.470|-34.756|0
0|27|49.480|-5.470|-31.149|53.281|-5.470|-31.138|53.182|-5.470|-34.668|0
0|28|49.411|-7.450|-27.004|53.248|-7.450|-27.002|53.281|-5.470|-31.138|0
0|29|49.411|-7.450|-27.004|53.281|-5.470|-31.138|49.480|-5.470|-31.149|0
0|30|49.543|-5.470|-34.756|53.182|-5.470|-34.668|53.144|-5.470|-35.735|0
0|31|49.543|-5.470|-34.756|53.144|-5.470|-35.735|49.521|-5.470|-35.621|0
0|32|49.379|-5.470|-39.771|53.003|-5.470|-42.989|49.465|-5.470|-42.984|0
0|33|52.935|-5.470|-39.761|53.003|-5.470|-42.989|49.379|-5.470|-39.771|0
0|34|49.379|-5.470|-39.771|49.465|-5.470|-42.984|46.186|-5.470|-40.029|0
0|35|46.186|-5.470|-40.029|49.465|-5.470|-42.984|46.724|-5.470|-42.963|0
0|36|52.935|-5.470|-39.761|55.909|-5.470|-39.926|55.450|-5.470|-42.969|0
0|37|52.935|-5.470|-39.761|55.450|-5.470|-42.969|53.003|-5.470|-42.989|0
0|38|49.465|-5.470|-42.984|53.006|-5.470|-45.468|49.451|-5.470|-45.438|0
0|39|53.003|-5.470|-42.989|53.006|-5.470|-45.468|49.465|-5.470|-42.984|0
0|40|49.485|-5.470|-36.394|52.935|-5.470|-39.761|49.379|-5.470|-39.771|0
0|41|53.067|-5.470|-36.544|52.935|-5.470|-39.761|49.485|-5.470|-36.394|0
0|42|53.067|-5.470|-36.544|55.039|-5.470|-38.015|52.935|-5.470|-39.761|0
0|43|55.039|-5.470|-38.015|55.909|-5.470|-39.926|52.935|-5.470|-39.761|0
0|44|53.003|-5.470|-42.989|54.280|-5.470|-44.546|53.006|-5.470|-45.468|0
0|45|55.450|-5.470|-42.969|54.280|-5.470|-44.546|53.003|-5.470|-42.989|0
0|46|49.485|-5.470|-36.394|49.379|-5.470|-39.771|47.032|-5.470|-37.985|0
0|47|47.032|-5.470|-37.985|49.379|-5.470|-39.771|46.186|-5.470|-40.029|0
0|48|49.465|-5.470|-42.984|49.451|-5.470|-45.438|46.724|-5.470|-42.963|0
0|49|46.226|-5.470|-43.443|48.883|-5.470|-46.046|44.069|-5.470|-45.705|0
0|50|48.883|-5.470|-46.046|46.856|-5.470|-48.275|44.069|-5.470|-45.705|0
0|51|41.250|-3.550|-48.702|44.028|-3.550|-51.496|39.024|-3.550|-50.988|0
0|52|44.028|-3.550|-51.496|41.706|-3.550|-53.662|39.024|-3.550|-50.988|0
0|53|41.250|-3.550|-48.702|46.856|-5.470|-48.275|44.028|-3.550|-51.496|0
0|54|44.069|-5.470|-45.705|46.856|-5.470|-48.275|41.250|-3.550|-48.702|0
0|55|37.906|-3.550|-52.135|40.783|-3.550|-54.832|37.425|-3.550|-54.995|0
0|56|40.783|-3.550|-54.832|40.733|-3.550|-58.014|37.462|-3.550|-58.088|0
0|57|37.906|-3.550|-52.135|37.425|-3.550|-54.995|34.052|-3.550|-55.014|0
0|58|37.906|-3.550|-52.135|34.052|-3.550|-55.014|34.060|-3.550|-52.038|0
0|59|34.052|-3.550|-55.014|34.091|-3.550|-58.197|31.036|-3.550|-57.432|0
0|60|31.266|-3.550|-54.965|34.052|-3.550|-55.014|31.036|-3.550|-57.432|0
0|61|31.036|-3.550|-57.432|34.091|-3.550|-58.197|32.227|-3.550|-59.737|0
0|62|37.462|-3.550|-58.088|33.817|-3.550|-60.978|34.091|-3.550|-58.197|0
0|63|34.052|-3.550|-55.014|37.425|-3.550|-54.995|34.091|-3.550|-58.197|0
0|64|37.425|-3.550|-54.995|37.462|-3.550|-58.088|34.091|-3.550|-58.197|0
0|65|40.783|-3.550|-54.832|37.462|-3.550|-58.088|37.425|-3.550|-54.995|0
0|66|37.462|-3.550|-58.088|39.575|-3.550|-59.986|37.459|-3.550|-61.038|0
0|67|32.401|-3.550|-53.148|34.052|-3.550|-55.014|31.266|-3.550|-54.965|0
0|68|34.060|-3.550|-52.038|34.052|-3.550|-55.014|32.401|-3.550|-53.148|0
0|69|37.462|-3.550|-58.088|37.459|-3.550|-61.038|33.817|-3.550|-60.978|0
0|70|34.091|-3.550|-58.197|33.817|-3.550|-60.978|32.227|-3.550|-59.737|0
0|71|40.733|-3.550|-58.014|39.575|-3.550|-59.986|37.462|-3.550|-58.088|0
0|72|37.459|-3.550|-61.038|37.490|-3.550|-63.358|33.817|-3.550|-60.978|0
0|73|33.817|-3.550|-60.978|37.490|-3.550|-63.358|33.666|-3.550|-63.430|0
0|74|37.490|-3.550|-63.358|35.366|-3.550|-65.742|33.666|-3.550|-63.430|4
0|75|51.004|-13.450|3.925|51.590|-13.450|5.067|51.730|-13.450|3.622|0
0|76|53.043|-13.450|5.078|53.056|-13.450|2.024|51.730|-13.450|3.622|0
0|77|50.337|-13.450|3.591|50.330|-13.450|2.781|49.045|-13.450|2.042|0
0|78|50.928|-13.450|2.372|51.738|-13.450|2.785|53.056|-13.450|2.024|0
0|79|50.928|-13.450|2.372|49.534|-13.450|-0.444|49.045|-13.450|2.042|0
0|80|50.330|-13.450|2.781|50.928|-13.450|2.372|49.045|-13.450|2.042|0
0|81|49.300|-13.450|5.140|50.337|-13.450|3.591|49.045|-13.450|2.042|0
0|82|49.428|-13.450|7.693|51.590|-13.450|5.067|49.300|-13.450|5.140|0
0|83|51.590|-13.450|5.067|51.004|-13.450|3.925|49.300|-13.450|5.140|0
0|84|51.590|-13.450|5.067|53.043|-13.450|5.078|51.730|-13.450|3.622|0
0|85|55.261|-13.450|7.548|55.784|-13.450|4.990|54.557|-13.450|6.582|2
0|86|51.520|-13.450|9.237|55.261|-13.450|7.548|53.019|-13.450|7.735|2
0|87|55.784|-13.450|4.990|57.268|-13.450|3.263|56.005|-13.450|2.023|2
0|88|56.005|-13.450|2.023|57.335|-13.450|0.374|55.187|-13.450|0.268|2
0|89|56.005|-13.450|2.023|57.268|-13.450|3.263|57.335|-13.450|0.374|2
0|90|55.784|-13.450|4.990|55.261|-13.450|7.548|57.268|-13.450|3.263|2
0|91|55.261|-13.450|7.548|54.557|-13.450|6.582|53.019|-13.450|7.735|2
0|92|51.520|-13.450|9.237|53.019|-13.450|7.735|49.428|-13.450|7.693|2
0|93|47.752|-13.450|7.976|51.520|-13.450|9.237|49.428|-13.450|7.693|2
0|94|47.752|-13.450|7.976|49.428|-13.450|7.693|47.590|-13.450|6.670|2
0|95|47.752|-13.450|7.976|47.590|-13.450|6.670|45.900|-13.450|5.447|2
0|96|45.900|-13.450|5.447|47.590|-13.450|6.670|46.535|-13.450|4.996|2
0|97|45.900|-13.450|5.447|46.535|-13.450|4.996|45.383|-13.450|2.190|2
0|98|46.535|-13.450|4.996|46.289|-13.450|2.016|45.383|-13.450|2.190|2
0|99|45.383|-13.450|2.190|46.289|-13.450|2.016|46.813|-13.450|0.512|2
0|100|45.383|-13.450|2.190|46.813|-13.450|0.512|45.846|-13.450|0.298|2
0|101|55.187|-13.450|0.268|53.412|-13.150|-1.089|53.070|-13.450|-0.412|0
0|102|53.070|-13.450|-0.412|53.412|-13.150|-1.089|49.373|-13.200|-1.142|0
0|103|53.070|-13.450|-0.412|49.373|-13.200|-1.142|49.534|-13.450|-0.444|0
0|104|49.373|-13.200|-1.142|46.813|-13.450|0.512|49.534|-13.450|-0.444|0
0|105|46.813|-13.450|0.512|48.134|-13.450|-1.717|45.846|-13.450|0.298|2
0|106|46.813|-13.450|0.512|49.373|-13.200|-1.142|48.134|-13.450|-1.717|2
0|107|55.187|-13.450|0.268|55.484|-13.450|-0.882|53.412|-13.150|-1.089|2
0|108|55.187|-13.450|0.268|57.335|-13.450|0.374|55.484|-13.450|-0.882|2
0|109|53.412|-13.150|-1.089|53.274|-12.700|-2.306|49.373|-13.200|-1.142|0
0|110|49.373|-13.200|-1.142|53.274|-12.700|-2.306|49.475|-12.700|-2.352|0
0|111|53.274|-12.700|-2.306|55.739|-12.700|-2.416|55.398|-7.450|-13.909|2
0|112|49.475|-12.700|-2.352|47.676|-7.450|-13.958|46.854|-12.700|-2.495|2
0|113|49.475|-12.700|-2.352|49.471|-7.450|-14.004|47.676|-7.450|-13.958|2
0|114|53.274|-12.700|-2.306|55.398|-7.450|-13.909|53.253|-7.450|-14.023|2
0|115|49.471|-7.450|-14.004|49.474|-7.450|-17.845|47.676|-7.450|-13.958|2
0|116|47.676|-7.450|-13.958|49.474|-7.450|-17.845|47.465|-7.450|-17.931|2
0|117|49.474|-7.450|-17.845|49.456|-7.450|-22.625|47.465|-7.450|-17.931|2
0|118|47.465|-7.450|-17.931|49.456|-7.450|-22.625|46.891|-7.450|-22.630|2
0|119|49.456|-7.450|-22.625|49.411|-7.450|-27.004|46.891|-7.450|-22.630|2
0|120|46.891|-7.450|-22.630|49.411|-7.450|-27.004|47.394|-7.450|-26.968|2
0|121|55.853|-7.450|-22.568|55.794|-7.450|-26.920|53.248|-7.450|-27.002|2
0|122|53.283|-7.450|-22.601|55.853|-7.450|-22.568|53.248|-7.450|-27.002|2
0|123|55.589|-7.450|-17.739|55.853|-7.450|-22.568|53.283|-7.450|-22.601|2
0|124|55.589|-7.450|-17.739|53.283|-7.450|-22.601|53.294|-7.450|-17.799|2
0|125|55.398|-7.450|-13.909|55.589|-7.450|-17.739|53.294|-7.450|-17.799|2
0|126|53.253|-7.450|-14.023|55.398|-7.450|-13.909|53.294|-7.450|-17.799|2
0|127|55.794|-7.450|-26.920|53.281|-5.470|-31.138|53.248|-7.450|-27.002|2
0|128|55.794|-7.450|-26.920|55.360|-5.470|-30.937|53.281|-5.470|-31.138|2
0|129|49.411|-7.450|-27.004|49.480|-5.470|-31.149|47.394|-7.450|-26.968|2
0|130|47.394|-7.450|-26.968|49.480|-5.470|-31.149|47.971|-5.470|-31.108|2
0|131|53.144|-5.470|-35.735|53.067|-5.470|-36.544|49.485|-5.470|-36.394|0
0|132|49.521|-5.470|-35.621|53.144|-5.470|-35.735|49.485|-5.470|-36.394|0
0|133|49.480|-5.470|-31.149|49.543|-5.470|-34.756|47.971|-5.470|-31.108|2
0|134|47.971|-5.470|-31.108|49.543|-5.470|-34.756|47.742|-5.470|-34.736|2
0|135|55.360|-5.470|-30.937|55.410|-5.470|-34.639|53.182|-5.470|-34.668|2
0|136|55.360|-5.470|-30.937|53.182|-5.470|-34.668|53.281|-5.470|-31.138|2
0|137|55.410|-5.470|-34.639|55.405|-5.470|-35.767|53.144|-5.470|-35.735|2
0|138|55.410|-5.470|-34.639|53.144|-5.470|-35.735|53.182|-5.470|-34.668|2
0|139|49.543|-5.470|-34.756|49.521|-5.470|-35.621|47.742|-5.470|-34.736|2
0|140|47.742|-5.470|-34.736|49.521|-5.470|-35.621|47.745|-5.470|-35.550|2
0|141|45.808|-5.470|-37.022|48.688|-5.470|-36.471|47.032|-5.470|-37.985|2
0|142|45.808|-5.470|-37.022|47.032|-5.470|-37.985|45.108|-5.470|-39.502|2
0|143|45.108|-5.470|-39.502|47.032|-5.470|-37.985|46.186|-5.470|-40.029|2
0|144|46.186|-5.470|-40.029|46.724|-5.470|-42.963|46.256|-5.470|-42.268|0
0|145|53.067|-5.470|-36.544|53.776|-5.470|-36.723|55.039|-5.470|-38.015|0
0|146|53.776|-5.470|-36.723|56.668|-5.470|-37.636|55.039|-5.470|-38.015|2
0|147|56.668|-5.470|-37.636|55.909|-5.470|-39.926|55.039|-5.470|-38.015|2
0|148|56.668|-5.470|-37.636|57.695|-5.470|-41.063|55.909|-5.470|-39.926|2
0|149|53.006|-5.470|-45.468|49.970|-5.470|-45.743|49.451|-5.470|-45.438|0
0|150|46.724|-5.470|-42.963|49.451|-5.470|-45.438|46.226|-5.470|-43.443|0
0|151|49.451|-5.470|-45.438|48.883|-5.470|-46.046|46.226|-5.470|-43.443|0
0|152|48.688|-5.470|-36.471|49.485|-5.470|-36.394|47.032|-5.470|-37.985|0
0|153|57.695|-5.470|-41.063|56.978|-5.470|-44.401|55.450|-5.470|-42.969|2
0|154|55.450|-5.470|-42.969|56.978|-5.470|-44.401|54.280|-5.470|-44.546|2
0|155|55.909|-5.470|-39.926|57.695|-5.470|-41.063|55.450|-5.470|-42.969|2
0|156|54.280|-5.470|-44.546|54.601|-5.470|-47.348|53.006|-5.470|-45.468|2
0|157|46.186|-5.470|-40.029|46.256|-5.470|-42.268|45.108|-5.470|-39.502|2
0|158|56.978|-5.470|-44.401|54.601|-5.470|-47.348|54.280|-5.470|-44.546|2
0|159|53.006|-5.470|-45.468|51.780|-5.470|-47.696|49.970|-5.470|-45.743|2
0|160|53.006|-5.470|-45.468|54.601|-5.470|-47.348|51.780|-5.470|-47.696|2
0|161|48.883|-5.470|-46.046|47.884|-5.470|-49.261|46.856|-5.470|-48.275|2
0|162|46.226|-5.470|-43.443|44.069|-5.470|-45.705|42.998|-5.470|-44.502|2
0|163|48.883|-5.470|-46.046|49.875|-5.470|-47.008|47.884|-5.470|-49.261|2
0|164|45.363|-5.470|-42.737|46.226|-5.470|-43.443|42.998|-5.470|-44.502|2
0|165|46.856|-5.470|-48.275|47.884|-5.470|-49.261|44.028|-3.550|-51.496|2
0|166|42.998|-5.470|-44.502|44.069|-5.470|-45.705|41.250|-3.550|-48.702|2
0|167|40.356|-3.550|-47.782|42.998|-5.470|-44.502|41.250|-3.550|-48.702|2
0|168|47.884|-5.470|-49.261|44.977|-3.550|-52.266|44.028|-3.550|-51.496|2
0|169|39.575|-3.550|-59.986|38.210|-3.550|-60.998|37.459|-3.550|-61.038|0
0|170|37.011|-3.550|-51.643|37.906|-3.550|-52.135|34.060|-3.550|-52.038|0
0|171|40.783|-3.550|-54.832|40.968|-3.550|-55.172|40.733|-3.550|-58.014|0
0|172|32.227|-3.550|-59.737|33.817|-3.550|-60.978|33.165|-3.550|-60.734|0
0|173|40.968|-3.550|-55.172|42.778|-3.550|-56.863|40.733|-3.550|-58.014|2
0|174|39.575|-3.550|-59.986|40.937|-3.550|-61.977|38.210|-3.550|-60.998|2
0|175|42.778|-3.550|-56.863|40.937|-3.550|-61.977|40.733|-3.550|-58.014|2
0|176|40.733|-3.550|-58.014|40.937|-3.550|-61.977|39.575|-3.550|-59.986|2
0|177|32.401|-3.550|-53.148|31.266|-3.550|-54.965|29.095|-3.550|-55.025|2
0|178|32.769|-3.550|-49.791|32.401|-3.550|-53.148|29.095|-3.550|-55.025|2
0|179|32.769|-3.550|-49.791|34.060|-3.550|-52.038|32.401|-3.550|-53.148|2
0|180|32.769|-3.550|-49.791|37.011|-3.550|-51.643|34.060|-3.550|-52.038|2
0|181|31.266|-3.550|-54.965|31.036|-3.550|-57.432|29.095|-3.550|-55.025|2
0|182|29.095|-3.550|-55.025|31.036|-3.550|-57.432|30.554|-3.550|-59.398|2
0|183|31.036|-3.550|-57.432|32.227|-3.550|-59.737|30.554|-3.550|-59.398|2
0|184|32.227|-3.550|-59.737|33.165|-3.550|-60.734|30.554|-3.550|-59.398|2
0|185|41.706|-3.550|-53.662|40.783|-3.550|-54.832|37.906|-3.550|-52.135|0
0|186|39.024|-3.550|-50.988|41.706|-3.550|-53.662|37.906|-3.550|-52.135|0
1|0|33.666|-3.550|-63.430|37.490|-3.550|-63.358|37.453|-3.550|-66.151|0
1|1|33.666|-3.550|-63.430|37.453|-3.550|-66.151|33.570|-3.550|-66.105|0
1|2|37.453|-3.550|-66.151|37.446|-3.550|-69.557|33.570|-3.550|-66.105|0
1|3|33.570|-3.550|-66.105|37.446|-3.550|-69.557|33.596|-3.550|-69.621|0
1|4|37.446|-3.550|-69.557|36.780|-3.550|-72.001|33.596|-3.550|-69.621|0
1|5|33.596|-3.550|-69.621|36.780|-3.550|-72.001|34.297|-3.550|-71.985|0
1|6|33.596|-3.550|-69.621|34.297|-3.550|-71.985|33.562|-3.550|-72.003|0
1|7|37.446|-3.550|-69.557|37.517|-3.550|-72.009|36.780|-3.550|-72.001|0
1|8|36.780|-3.550|-72.001|36.881|-3.550|-74.209|34.297|-3.550|-71.985|0
1|9|34.297|-3.550|-71.985|36.881|-3.550|-74.209|34.161|-3.550|-74.198|0
1|10|32.036|-3.550|-84.007|39.058|-3.550|-93.004|31.969|-3.550|-92.960|0
1|11|39.046|-3.550|-76.077|39.050|-3.550|-84.017|32.069|-3.550|-76.084|0
1|12|32.069|-3.550|-76.084|39.050|-3.550|-84.017|32.036|-3.550|-84.007|0
1|13|39.050|-3.550|-84.017|39.058|-3.550|-93.004|32.036|-3.550|-84.007|0
1|14|22.326|-3.550|-84.007|31.969|-3.550|-92.960|23.070|-3.550|-93.039|0
1|15|32.036|-3.550|-84.007|31.969|-3.550|-92.960|22.326|-3.550|-84.007|0
1|16|31.969|-3.550|-92.960|39.028|-3.550|-99.821|31.898|-3.550|-99.802|0
1|17|39.058|-3.550|-93.004|39.028|-3.550|-99.821|31.969|-3.550|-92.960|0
1|18|48.893|-3.550|-83.914|48.246|-3.550|-92.968|39.050|-3.550|-84.017|0
1|19|39.050|-3.550|-84.017|48.246|-3.550|-92.968|39.058|-3.550|-93.004|0
1|20|23.782|-3.550|-79.994|32.036|-3.550|-84.007|22.326|-3.550|-84.007|0
1|21|22.326|-3.550|-84.007|23.070|-3.550|-93.039|21.785|-3.550|-88.284|0
1|22|27.217|-3.550|-76.275|32.036|-3.550|-84.007|23.782|-3.550|-79.994|0
1|23|32.069|-3.550|-76.084|32.036|-3.550|-84.007|27.217|-3.550|-76.275|0
1|24|34.161|-3.550|-74.198|36.881|-3.550|-74.209|32.069|-3.550|-76.084|0
1|25|36.881|-3.550|-74.209|39.046|-3.550|-76.077|32.069|-3.550|-76.084|0
1|26|39.012|-3.550|-74.217|39.046|-3.550|-76.077|36.881|-3.550|-74.209|0
1|27|32.154|-3.550|-74.255|34.161|-3.550|-74.198|32.069|-3.550|-76.084|0
1|28|32.154|-3.550|-74.255|32.069|-3.550|-76.084|27.217|-3.550|-76.275|0
1|29|39.046|-3.550|-76.077|43.711|-3.550|-76.402|39.050|-3.550|-84.017|0
1|30|43.711|-3.550|-76.402|47.175|-3.550|-79.987|39.050|-3.550|-84.017|0
1|31|47.175|-3.550|-79.987|48.893|-3.550|-83.914|39.050|-3.550|-84.017|0
1|32|48.893|-3.550|-83.914|49.367|-3.550|-88.580|48.246|-3.550|-92.968|0
1|33|39.012|-3.550|-74.217|43.711|-3.550|-76.402|39.046|-3.550|-76.077|0
1|34|34.377|-3.550|-100.991|36.775|-3.550|-102.973|34.335|-3.550|-103.012|0
1|35|36.790|-3.550|-100.955|36.775|-3.550|-102.973|34.377|-3.550|-100.991|0
1|36|39.028|-3.550|-99.821|36.790|-3.550|-100.955|31.898|-3.550|-99.802|0
1|37|31.898|-3.550|-99.802|36.790|-3.550|-100.955|34.377|-3.550|-100.991|0
1|38|31.898|-3.550|-99.802|34.377|-3.550|-100.991|31.971|-3.550|-100.960|0
1|39|39.028|-3.550|-99.821|38.963|-3.550|-100.951|36.790|-3.550|-100.955|0
1|40|31.969|-3.550|-92.960|31.898|-3.550|-99.802|27.879|-3.550|-99.048|0
1|41|25.327|-3.550|-96.681|31.969|-3.550|-92.960|27.879|-3.550|-99.048|0
1|42|23.070|-3.550|-93.039|31.969|-3.550|-92.960|25.327|-3.550|-96.681|0
1|43|31.898|-3.550|-99.802|31.971|-3.550|-100.960|27.879|-3.550|-99.048|0
1|44|48.246|-3.550|-92.968|46.759|-3.550|-95.705|39.058|-3.550|-93.004|0
1|45|46.759|-3.550|-95.705|43.839|-3.550|-98.708|39.058|-3.550|-93.004|0
1|46|39.058|-3.550|-93.004|43.839|-3.550|-98.708|39.028|-3.550|-99.821|0
1|47|39.028|-3.550|-99.821|43.839|-3.550|-98.708|38.963|-3.550|-100.951|0
1|48|36.775|-3.550|-102.973|37.467|-3.550|-104.513|34.335|-3.550|-103.012|0
1|49|37.467|-3.550|-104.513|37.483|-3.550|-108.220|33.600|-3.550|-108.192|0
1|50|33.590|-3.550|-104.480|37.467|-3.550|-104.513|33.600|-3.550|-108.192|0
1|51|33.600|-3.550|-108.192|37.483|-3.550|-108.220|35.578|-3.550|-110.549|4
1|52|34.335|-3.550|-103.012|37.467|-3.550|-104.513|33.590|-3.550|-104.480|0
1|53|37.453|-3.550|-102.969|37.467|-3.550|-104.513|36.775|-3.550|-102.973|0
1|54|33.566|-3.550|-103.033|34.335|-3.550|-103.012|33.590|-3.550|-104.480|0
1|55|40.447|-3.550|-64.820|41.067|-3.550|-70.468|37.453|-3.550|-66.151|2
1|56|37.453|-3.550|-66.151|41.067|-3.550|-70.468|37.446|-3.550|-69.557|2
1|57|37.446|-3.550|-69.557|41.067|-3.550|-70.468|37.517|-3.550|-72.009|2
1|58|30.852|-3.550|-65.233|33.570|-3.550|-66.105|30.638|-3.550|-70.183|2
1|59|33.666|-3.550|-63.430|33.570|-3.550|-66.105|30.852|-3.550|-65.233|2
1|60|33.596|-3.550|-69.621|33.562|-3.550|-72.003|30.638|-3.550|-70.183|2
1|61|33.570|-3.550|-66.105|33.596|-3.550|-69.621|30.638|-3.550|-70.183|2
1|62|37.490|-3.550|-63.358|40.447|-3.550|-64.820|37.453|-3.550|-66.151|2
2|0|33.600|-3.550|-108.192|37.483|-3.550|-108.220|37.548|-3.550|-113.906|0
2|1|33.600|-3.550|-108.192|37.548|-3.550|-113.906|33.625|-3.550|-113.920|0
2|2|33.590|0.150|-122.636|37.543|0.150|-123.385|33.580|0.150|-123.286|0
2|3|37.499|0.150|-122.704|37.543|0.150|-123.385|33.590|0.150|-122.636|0
2|4|37.548|-3.550|-113.906|37.499|0.150|-122.704|33.590|0.150|-122.636|0
2|5|33.625|-3.550|-113.920|37.548|-3.550|-113.906|33.590|0.150|-122.636|0
2|6|33.448|0.150|-126.662|37.114|0.150|-126.622|33.488|0.150|-129.991|0
2|7|37.543|0.150|-123.385|37.114|0.150|-126.622|33.448|0.150|-126.662|0
2|8|33.580|0.150|-123.286|37.543|0.150|-123.385|33.448|0.150|-126.662|0
2|9|37.114|0.150|-126.622|37.001|0.150|-129.986|33.488|0.150|-129.991|0
2|10|33.488|0.150|-129.991|37.001|0.150|-129.986|33.480|0.150|-132.582|0
2|11|37.001|0.150|-129.986|36.997|0.150|-132.652|33.480|0.150|-132.582|0
2|12|37.114|0.150|-126.622|40.111|0.150|-126.639|39.922|0.150|-130.018|0
2|13|37.114|0.150|-126.622|39.922|0.150|-130.018|37.001|0.150|-129.986|0
2|14|33.448|0.150|-126.662|33.488|0.150|-129.991|30.979|0.150|-130.432|0
2|15|37.001|0.150|-129.986|38.489|0.150|-131.825|36.997|0.150|-132.652|0
2|16|37.543|0.150|-123.385|39.137|0.150|-124.802|37.114|0.150|-126.622|0
2|17|39.137|0.150|-124.802|40.111|0.150|-126.639|37.114|0.150|-126.622|0
2|18|37.001|0.150|-129.986|39.922|0.150|-130.018|38.489|0.150|-131.825|0
2|19|30.642|0.150|-126.616|33.448|0.150|-126.662|30.979|0.150|-130.432|0
2|20|31.750|0.150|-124.692|33.448|0.150|-126.662|30.642|0.150|-126.616|0
2|21|33.580|0.150|-123.286|33.448|0.150|-126.662|31.750|0.150|-124.692|0
2|22|33.488|0.150|-129.991|32.143|0.150|-131.690|30.979|0.150|-130.432|0
2|23|33.488|0.150|-129.991|33.480|0.150|-132.582|32.143|0.150|-131.690|0
2|24|22.997|0.150|-126.606|30.642|0.150|-126.616|22.994|0.150|-130.496|0
2|25|30.642|0.150|-126.616|30.979|0.150|-130.432|22.994|0.150|-130.496|0
2|26|22.997|0.150|-126.606|22.994|0.150|-130.496|12.961|0.150|-130.503|0
2|27|12.992|0.150|-126.624|22.997|0.150|-126.606|12.961|0.150|-130.503|0
2|28|3.505|0.150|-126.645|12.992|0.150|-126.624|3.451|0.150|-130.430|0
2|29|12.992|0.150|-126.624|12.961|0.150|-130.503|3.451|0.150|-130.430|0
2|30|-6.043|0.150|-125.936|-0.978|0.150|-125.957|-6.002|0.150|-130.901|0
2|31|-0.978|0.150|-125.957|-1.071|0.150|-130.919|-6.002|0.150|-130.901|0
2|32|-4.807|0.150|-123.469|-1.682|0.150|-123.263|-6.043|0.150|-125.936|0
2|33|-1.682|0.150|-123.263|-0.978|0.150|-125.957|-6.043|0.150|-125.936|0
2|34|-6.002|0.150|-130.901|-1.071|0.150|-130.919|-5.996|0.150|-135.385|0
2|35|-1.071|0.150|-130.919|-1.039|0.150|-135.322|-5.996|0.150|-135.385|0
2|36|-0.978|0.150|-125.957|3.505|0.150|-126.645|-1.071|0.150|-130.919|0
2|37|3.505|0.150|-126.645|3.451|0.150|-130.430|-1.071|0.150|-130.919|0
2|38|-10.559|0.150|-125.968|-6.043|0.150|-125.936|-10.449|0.150|-130.991|0
2|39|-6.043|0.150|-125.936|-6.002|0.150|-130.901|-10.449|0.150|-130.991|0
2|40|-6.002|0.150|-130.901|-5.996|0.150|-135.385|-8.878|0.150|-133.427|0
2|41|-10.449|0.150|-130.991|-6.002|0.150|-130.901|-8.878|0.150|-133.427|0
2|42|-6.015|0.150|-123.501|-6.043|0.150|-125.936|-10.559|0.150|-125.968|0
2|43|-9.003|0.150|-123.544|-6.015|0.150|-123.501|-10.559|0.150|-125.968|0
2|44|-0.849|0.150|-123.267|2.853|0.150|-124.626|-0.978|0.150|-125.957|0
2|45|2.853|0.150|-124.626|3.505|0.150|-126.645|-0.978|0.150|-125.957|0
2|46|-1.071|0.150|-130.919|1.664|0.150|-133.704|-1.039|0.150|-135.322|0
2|47|-1.071|0.150|-130.919|3.451|0.150|-130.430|1.664|0.150|-133.704|0
2|48|-1.682|0.150|-123.263|-0.849|0.150|-123.267|-0.978|0.150|-125.957|0
2|49|-6.015|0.150|-123.501|-4.807|0.150|-123.469|-6.043|0.150|-125.936|0
2|50|1.450|0.150|-122.894|2.853|0.150|-124.626|-0.849|0.150|-123.267|0
2|51|-4.883|0.150|-120.021|-1.696|0.150|-119.991|-4.807|0.150|-123.469|0
2|52|-1.696|0.150|-119.991|-1.682|0.150|-123.263|-4.807|0.150|-123.469|0
2|53|-1.856|0.150|-118.502|-1.696|0.150|-119.991|-4.883|0.150|-120.021|4
2|54|39.535|-3.550|-108.192|39.804|-3.550|-113.757|37.548|-3.550|-113.906|2
2|55|32.388|-3.550|-108.156|33.625|-3.550|-113.920|32.059|-3.550|-113.862|2
2|56|33.600|-3.550|-108.192|33.625|-3.550|-113.920|32.388|-3.550|-108.156|2
2|57|33.625|-3.550|-113.920|33.590|0.150|-122.636|32.059|-3.550|-113.862|2
2|58|32.059|-3.550|-113.862|33.590|0.150|-122.636|32.151|0.150|-122.641|2
2|59|39.804|-3.550|-113.757|37.499|0.150|-122.704|37.548|-3.550|-113.906|2
2|60|39.804|-3.550|-113.757|39.504|0.150|-122.637|37.499|0.150|-122.704|2
2|61|33.480|0.150|-132.582|36.997|0.150|-132.652|35.313|0.150|-132.915|0
2|62|40.111|0.150|-126.639|40.296|0.150|-128.179|39.922|0.150|-130.018|0
2|63|39.504|0.150|-122.637|37.543|0.150|-123.385|37.499|0.150|-122.704|2
2|64|39.504|0.150|-122.637|39.137|0.150|-124.802|37.543|0.150|-123.385|2
2|65|39.504|0.150|-122.637|42.038|0.150|-126.788|39.137|0.150|-124.802|2
2|66|39.137|0.150|-124.802|42.038|0.150|-126.788|40.111|0.150|-126.639|2
2|67|42.038|0.150|-126.788|40.296|0.150|-128.179|40.111|0.150|-126.639|2
2|68|42.038|0.150|-126.788|41.375|0.150|-131.320|40.296|0.150|-128.179|2
2|69|32.151|0.150|-122.641|33.590|0.150|-122.636|33.580|0.150|-123.286|2
2|70|32.151|0.150|-122.641|33.580|0.150|-123.286|31.750|0.150|-124.692|2
2|71|31.750|0.150|-124.692|30.642|0.150|-126.616|28.973|0.150|-125.196|2
2|72|28.973|0.150|-125.196|30.642|0.150|-126.616|22.997|0.150|-126.606|2
2|73|40.296|0.150|-128.179|41.375|0.150|-131.320|39.922|0.150|-130.018|2
2|74|39.922|0.150|-130.018|41.375|0.150|-131.320|38.489|0.150|-131.825|2
2|75|38.489|0.150|-131.825|41.375|0.150|-131.320|36.989|0.150|-135.447|2
2|76|36.997|0.150|-132.652|38.489|0.150|-131.825|36.989|0.150|-135.447|2
2|77|35.313|0.150|-132.915|36.989|0.150|-135.447|31.537|0.150|-134.734|2
2|78|33.480|0.150|-132.582|31.537|0.150|-134.734|32.143|0.150|-131.690|2
2|79|33.480|0.150|-132.582|35.313|0.150|-132.915|31.537|0.150|-134.734|2
2|80|36.997|0.150|-132.652|36.989|0.150|-135.447|35.313|0.150|-132.915|2
2|81|30.979|0.150|-130.432|32.143|0.150|-131.690|31.537|0.150|-134.734|2
2|82|30.979|0.150|-130.432|31.537|0.150|-134.734|22.994|0.150|-130.496|2
2|83|22.994|0.150|-130.496|31.537|0.150|-134.734|13.232|0.150|-133.302|2
2|84|12.961|0.150|-130.503|22.994|0.150|-130.496|13.232|0.150|-133.302|2
2|85|32.151|0.150|-122.641|31.750|0.150|-124.692|28.973|0.150|-125.196|2
2|86|28.973|0.150|-125.196|22.997|0.150|-126.606|12.612|0.150|-124.777|2
2|87|12.612|0.150|-124.777|22.997|0.150|-126.606|12.992|0.150|-126.624|2
2|88|12.612|0.150|-124.777|12.992|0.150|-126.624|3.505|0.150|-126.645|2
2|89|12.961|0.150|-130.503|3.387|0.150|-131.326|3.451|0.150|-130.430|2
2|90|12.961|0.150|-130.503|13.232|0.150|-133.302|3.387|0.150|-131.326|2
2|91|3.451|0.150|-130.430|3.387|0.150|-131.326|1.664|0.150|-133.704|0
2|92|-1.039|0.150|-135.322|-3.349|0.150|-135.767|-5.996|0.150|-135.385|0
2|93|-10.559|0.150|-125.968|-10.449|0.150|-130.991|-10.911|0.150|-128.393|0
2|94|2.853|0.150|-124.626|12.612|0.150|-124.777|3.505|0.150|-126.645|2
2|95|1.450|0.150|-122.894|12.612|0.150|-124.777|2.853|0.150|-124.626|2
2|96|3.387|0.150|-131.326|13.232|0.150|-133.302|1.664|0.150|-133.704|2
2|97|1.664|0.150|-133.704|13.232|0.150|-133.302|2.094|0.150|-135.546|2
2|98|1.664|0.150|-133.704|2.094|0.150|-135.546|-1.039|0.150|-135.322|2
2|99|-1.039|0.150|-135.322|2.094|0.150|-135.546|-4.133|0.150|-137.905|2
2|100|-1.039|0.150|-135.322|-4.133|0.150|-137.905|-3.349|0.150|-135.767|2
2|101|-3.349|0.150|-135.767|-4.133|0.150|-137.905|-8.636|0.150|-136.888|2
2|102|-5.996|0.150|-135.385|-3.349|0.150|-135.767|-8.636|0.150|-136.888|2
2|103|-8.878|0.150|-133.427|-5.996|0.150|-135.385|-8.636|0.150|-136.888|2
2|104|-8.878|0.150|-133.427|-8.636|0.150|-136.888|-12.755|0.150|-131.620|2
2|105|-10.449|0.150|-130.991|-8.878|0.150|-133.427|-12.755|0.150|-131.620|2
2|106|-10.911|0.150|-128.393|-10.449|0.150|-130.991|-12.755|0.150|-131.620|2
2|107|-12.938|0.150|-125.339|-10.911|0.150|-128.393|-12.755|0.150|-131.620|2
2|108|-10.559|0.150|-125.968|-10.911|0.150|-128.393|-12.938|0.150|-125.339|2
2|109|-9.003|0.150|-123.544|-10.559|0.150|-125.968|-12.938|0.150|-125.339|2
2|110|37.483|-3.550|-108.220|39.535|-3.550|-108.192|37.548|-3.550|-113.906|2
3|0|0.095|0.150|-117.890|-1.696|0.150|-119.991|-4.883|0.150|-120.021|0
3|1|-6.331|0.150|-117.976|0.095|0.150|-117.890|-4.883|0.150|-120.021|0
3|2|0.095|0.150|-117.890|0.042|0.150|-119.996|-1.696|0.150|-119.991|0
3|3|-6.331|0.150|-117.976|-4.883|0.150|-120.021|-6.433|0.150|-119.972|0
3|4|0.127|0.150|-109.932|0.095|0.150|-117.890|-6.269|0.150|-109.963|0
3|5|-6.269|0.150|-109.963|0.095|0.150|-117.890|-6.331|0.150|-117.976|0
3|6|-4.257|0.150|-105.188|0.127|0.150|-109.932|-6.269|0.150|-109.963|0
3|7|-1.879|0.150|-105.142|0.127|0.150|-109.932|-4.257|0.150|-105.188|0
3|8|-4.407|0.150|-102.489|-1.987|0.150|-102.426|-4.257|0.150|-105.188|0
3|9|-1.987|0.150|-102.426|-1.879|0.150|-105.142|-4.257|0.150|-105.188|0
3|10|0.061|0.150|-105.109|0.127|0.150|-109.932|-1.879|0.150|-105.142|0
3|11|-6.201|0.150|-105.205|-4.257|0.150|-105.188|-6.269|0.150|-109.963|0
3|12|0.036|0.150|-85.963|-0.018|0.150|-92.955|-6.979|0.150|-93.013|0
3|13|-6.976|0.150|-86.005|0.036|0.150|-85.963|-6.979|0.150|-93.013|0
3|14|-0.018|0.150|-92.955|-6.993|0.150|-99.970|-6.979|0.150|-93.013|0
3|15|-0.018|0.150|-92.955|0.086|0.150|-100.025|-6.993|0.150|-99.970|0
3|16|-6.976|0.150|-86.005|-6.979|0.150|-93.013|-16.126|0.150|-93.000|0
3|17|-16.103|0.150|-85.934|-6.976|0.150|-86.005|-16.126|0.150|-93.000|0
3|18|10.042|0.150|-85.995|9.971|0.150|-93.022|-0.018|0.150|-92.955|0
3|19|0.036|0.150|-85.963|10.042|0.150|-85.995|-0.018|0.150|-92.955|0
3|20|0.086|0.150|-100.025|-1.987|0.150|-102.426|-6.993|0.150|-99.970|0
3|21|-6.993|0.150|-99.970|-1.987|0.150|-102.426|-4.407|0.150|-102.489|0
3|22|-6.993|0.150|-99.970|-4.407|0.150|-102.489|-7.000|0.150|-102.507|0
3|23|0.086|0.150|-100.025|0.242|0.150|-102.534|-1.987|0.150|-102.426|0
3|24|-16.126|0.150|-93.000|-6.979|0.150|-93.013|-14.669|0.150|-96.969|0
3|25|-14.669|0.150|-96.969|-6.979|0.150|-93.013|-11.972|0.150|-99.967|0
3|26|-6.979|0.150|-93.013|-6.993|0.150|-99.970|-11.972|0.150|-99.967|0
3|27|-6.993|0.150|-99.970|-7.000|0.150|-102.507|-9.527|0.150|-101.570|0
3|28|-11.972|0.150|-99.967|-6.993|0.150|-99.970|-9.527|0.150|-101.570|0
3|29|9.971|0.150|-93.022|8.415|0.150|-97.044|-0.018|0.150|-92.955|0
3|30|-0.018|0.150|-92.955|8.415|0.150|-97.044|5.809|0.150|-100.011|0
3|31|-0.018|0.150|-92.955|5.809|0.150|-100.011|0.086|0.150|-100.025|0
3|32|0.086|0.150|-100.025|3.215|0.150|-101.619|0.242|0.150|-102.534|0
3|33|5.809|0.150|-100.011|3.215|0.150|-101.619|0.086|0.150|-100.025|0
3|34|-7.033|0.150|-78.053|-0.031|0.150|-78.009|-6.976|0.150|-86.005|0
3|35|-0.031|0.150|-78.009|0.036|0.150|-85.963|-6.976|0.150|-86.005|0
3|36|-4.332|0.150|-74.180|-1.851|0.150|-76.362|-4.357|0.150|-76.360|0
3|37|-1.848|0.150|-74.142|-1.851|0.150|-76.362|-4.332|0.150|-74.180|0
3|38|-1.851|0.150|-76.362|-7.033|0.150|-78.053|-4.357|0.150|-76.360|0
3|39|-1.851|0.150|-76.362|-0.031|0.150|-78.009|-7.033|0.150|-78.053|0
3|40|0.019|0.150|-76.316|-0.031|0.150|-78.009|-1.851|0.150|-76.362|0
3|41|-6.991|0.150|-76.349|-4.357|0.150|-76.360|-7.033|0.150|-78.053|0
3|42|-0.031|0.150|-78.009|4.442|0.150|-78.016|0.036|0.150|-85.963|0
3|43|4.442|0.150|-78.016|8.478|0.150|-82.294|0.036|0.150|-85.963|0
3|44|8.478|0.150|-82.294|10.042|0.150|-85.995|0.036|0.150|-85.963|0
3|45|0.019|0.150|-76.316|4.442|0.150|-78.016|-0.031|0.150|-78.009|0
3|46|-14.623|0.150|-81.996|-6.976|0.150|-86.005|-16.103|0.150|-85.934|0
3|47|-10.755|0.150|-78.110|-6.976|0.150|-86.005|-14.623|0.150|-81.996|0
3|48|-7.033|0.150|-78.053|-6.976|0.150|-86.005|-10.755|0.150|-78.110|0
3|49|-6.991|0.150|-76.349|-7.033|0.150|-78.053|-10.755|0.150|-78.110|0
3|50|0.258|0.150|-68.951|-4.332|0.150|-74.180|-6.355|0.150|-68.950|0
3|51|0.258|0.150|-68.951|-1.848|0.150|-74.142|-4.332|0.150|-74.180|0
3|52|-6.355|0.150|-68.950|-4.332|0.150|-74.180|-6.288|0.150|-74.206|0
3|53|-5.573|0.150|-60.062|-0.651|0.150|-60.066|-5.661|0.150|-64.017|0
3|54|0.258|0.150|-68.951|0.281|0.150|-74.164|-1.848|0.150|-74.142|0
3|55|-0.651|0.150|-60.066|-0.696|0.150|-63.971|-5.661|0.150|-64.017|0
3|56|-5.661|0.150|-64.017|-6.355|0.150|-68.950|-6.459|0.150|-63.934|0
3|57|-5.661|0.150|-64.017|0.258|0.150|-68.951|-6.355|0.150|-68.950|0
3|58|-0.696|0.150|-63.971|0.231|0.150|-63.917|0.258|0.150|-68.951|0
3|59|-0.696|0.150|-63.971|0.258|0.150|-68.951|-5.661|0.150|-64.017|0
3|60|-6.590|0.150|-53.945|0.509|0.150|-53.967|-5.573|0.150|-60.062|0
3|61|0.509|0.150|-53.967|-0.651|0.150|-60.066|-5.573|0.150|-60.062|0
3|62|-6.742|0.150|-41.838|0.493|0.150|-41.815|0.509|0.150|-53.967|0
3|63|-6.742|0.150|-41.838|0.509|0.150|-53.967|-6.590|0.150|-53.945|0
3|64|-1.199|0.150|-32.755|0.493|0.150|-41.815|-6.742|0.150|-41.838|0
3|65|-1.199|0.150|-32.755|-6.742|0.150|-41.838|-5.158|0.150|-32.943|0
3|66|-6.590|0.150|-53.945|-5.573|0.150|-60.062|-6.636|0.150|-60.070|0
3|67|0.509|0.150|-53.967|0.495|0.150|-59.997|-0.651|0.150|-60.066|0
3|68|-1.199|0.150|-32.755|0.360|0.150|-33.962|0.493|0.150|-41.815|0
3|69|-5.158|0.150|-32.943|-6.742|0.150|-41.838|-6.472|0.150|-33.740|0
3|70|-1.169|0.150|-30.733|-1.199|0.150|-32.755|-5.158|0.150|-32.943|0
3|71|-1.169|0.150|-30.733|-5.158|0.150|-32.943|-5.197|0.150|-30.725|0
3|72|-3.331|0.150|-28.961|-1.169|0.150|-30.733|-5.197|0.150|-30.725|4
4|0|-5.439|0.150|-27.037|-1.169|0.150|-30.733|-5.197|0.150|-30.725|0
4|1|-1.041|0.150|-27.020|-1.169|0.150|-30.733|-5.439|0.150|-27.037|0
4|2|0.993|0.150|-17.017|-1.041|0.150|-27.020|-8.019|0.150|-16.851|0
4|3|-8.019|0.150|-16.851|-1.041|0.150|-27.020|-5.439|0.150|-27.037|0
4|4|0.993|0.150|-17.017|10.172|0.150|-16.989|0.844|0.150|-27.007|0
4|5|0.993|0.150|-17.017|0.844|0.150|-27.007|-1.041|0.150|-27.020|0
4|6|-8.019|0.150|-16.851|-5.439|0.150|-27.037|-8.007|0.150|-26.976|0
4|7|-16.148|0.150|-16.663|-8.007|0.150|-26.976|-16.201|0.150|-27.019|0
4|8|-8.019|0.150|-16.851|-8.007|0.150|-26.976|-16.148|0.150|-16.663|0
4|9|10.172|0.150|-16.989|10.171|0.150|-27.012|0.844|0.150|-27.007|0
4|10|10.171|0.150|-27.012|10.188|0.150|-30.720|1.788|0.150|-30.657|0
4|11|0.844|0.150|-27.007|10.171|0.150|-27.012|1.788|0.150|-30.657|0
4|12|0.844|0.150|-27.007|0.340|0.150|-30.276|-1.169|0.150|-30.733|0
4|13|0.844|0.150|-27.007|-1.169|0.150|-30.733|-1.041|0.150|-27.020|0
4|14|0.844|0.150|-27.007|1.788|0.150|-30.657|0.340|0.150|-30.276|0
4|15|-8.007|0.150|-26.976|-8.045|0.150|-30.959|-16.387|0.150|-30.922|0
4|16|-8.007|0.150|-26.976|-16.387|0.150|-30.922|-16.201|0.150|-27.019|0
4|17|-5.439|0.150|-27.037|-5.197|0.150|-30.725|-8.007|0.150|-26.976|0
4|18|-8.007|0.150|-26.976|-5.197|0.150|-30.725|-6.754|0.150|-30.257|0
4|19|-8.007|0.150|-26.976|-6.754|0.150|-30.257|-8.045|0.150|-30.959|0
4|20|-8.109|0.150|-2.973|1.035|0.150|-2.953|-8.019|0.150|-16.851|0
4|21|1.035|0.150|-2.953|0.993|0.150|-17.017|-8.019|0.150|-16.851|0
4|22|-8.109|0.150|-2.973|-8.019|0.150|-16.851|-16.148|0.150|-16.663|0
4|23|-16.049|0.150|-3.018|-8.109|0.150|-2.973|-16.148|0.150|-16.663|0
4|24|10.159|0.150|-2.994|10.172|0.150|-16.989|0.993|0.150|-17.017|0
4|25|1.035|0.150|-2.953|10.159|0.150|-2.994|0.993|0.150|-17.017|0
4|26|1.112|0.150|8.780|1.035|0.150|-2.953|-8.109|0.150|-2.973|0
4|27|-8.037|0.150|8.848|1.112|0.150|8.780|-8.109|0.150|-2.973|0
4|28|-8.037|0.150|8.848|-8.109|0.150|-2.973|-16.049|0.150|-3.018|0
4|29|-16.016|0.150|9.010|-8.037|0.150|8.848|-16.049|0.150|-3.018|0
4|30|10.287|0.150|8.842|10.159|0.150|-2.994|1.035|0.150|-2.953|0
4|31|1.112|0.150|8.780|10.287|0.150|8.842|1.035|0.150|-2.953|0
