0|0|35.789|2.900|-194.193|41.474|3.200|-199.059|36.688|3.150|-199.187|0
0|1|32.594|3.700|-185.713|34.133|3.700|-187.967|28.841|3.700|-187.918|0
0|2|88.482|4.100|-204.430|85.801|4.300|-205.939|87.420|4.000|-203.973|4
0|3|88.482|4.100|-204.430|88.603|4.300|-206.917|85.801|4.300|-205.939|4
0|4|-13.174|-1.700|-191.519|-6.676|-1.700|-193.736|-12.773|-1.700|-195.393|0
0|5|-9.228|-1.700|-188.327|-6.676|-1.700|-193.736|-13.174|-1.700|-191.519|0
0|6|-9.228|-1.700|-188.327|-4.747|-1.700|-187.529|-6.676|-1.700|-193.736|0
0|7|-6.676|-1.700|-193.736|0.222|-1.700|-190.786|-0.979|-1.700|-195.926|0
0|8|-4.747|-1.700|-187.529|0.222|-1.700|-190.786|-6.676|-1.700|-193.736|0
0|9|-6.676|-1.700|-193.736|-0.979|-1.700|-195.926|-2.893|-1.700|-199.101|0
0|10|-6.676|-1.700|-193.736|-8.751|-1.700|-197.826|-12.773|-1.700|-195.393|0
0|11|-6.676|-1.700|-193.736|-2.893|-1.700|-199.101|-8.751|-1.700|-197.826|0
0|12|-2.893|-1.700|-199.101|-3.456|-1.500|-201.173|-8.751|-1.700|-197.826|0
0|13|-8.751|-1.700|-197.826|-3.456|-1.500|-201.173|-9.415|-1.517|-201.005|0
0|14|-12.773|-1.700|-195.393|-8.751|-1.700|-197.826|-9.415|-1.517|-201.005|0
0|15|0.222|-1.700|-190.786|6.073|-1.700|-191.315|-0.979|-1.700|-195.926|0
0|16|-2.893|-1.700|-199.101|3.204|-1.600|-201.242|-3.456|-1.500|-201.173|0
0|17|-0.979|-1.700|-195.926|3.204|-1.600|-201.242|-2.893|-1.700|-199.101|0
0|18|6.073|-1.700|-191.315|3.886|-1.700|-196.414|-0.979|-1.700|-195.926|0
0|19|-0.979|-1.700|-195.926|3.886|-1.700|-196.414|3.761|-2.000|-198.918|0
0|20|-0.979|-1.700|-195.926|3.761|-2.000|-198.918|3.204|-1.600|-201.242|0
0|21|3.886|-1.700|-196.414|7.657|-2.050|-199.018|3.761|-2.000|-198.918|0
0|22|3.761|-2.000|-198.918|5.948|-1.850|-201.400|3.204|-1.600|-201.242|0
0|23|3.761|-2.000|-198.918|7.657|-2.050|-199.018|5.948|-1.850|-201.400|0
0|24|6.073|-1.700|-191.315|7.935|-1.700|-195.635|3.886|-1.700|-196.414|0
0|25|7.935|-1.700|-195.635|7.657|-2.050|-199.018|3.886|-1.700|-196.414|0
0|26|6.073|-1.700|-191.315|9.293|-1.700|-192.556|7.935|-1.700|-195.635|0
0|27|9.975|-1.700|-190.989|12.529|-1.700|-191.330|9.293|-1.700|-192.556|0
0|28|7.368|-1.700|-188.953|9.975|-1.700|-190.989|9.293|-1.700|-192.556|0
0|29|7.368|-1.700|-188.953|9.293|-1.700|-192.556|6.073|-1.700|-191.315|0
0|30|7.935|-1.700|-195.635|12.435|-1.750|-195.546|7.657|-2.050|-199.018|0
0|31|7.657|-2.050|-199.018|8.606|-1.750|-201.921|5.948|-1.850|-201.400|0
0|32|9.293|-1.700|-192.556|12.435|-1.750|-195.546|7.935|-1.700|-195.635|0
0|33|12.529|-1.700|-191.330|12.435|-1.750|-195.546|9.293|-1.700|-192.556|0
0|34|12.435|-1.750|-195.546|13.078|-2.000|-200.145|7.657|-2.050|-199.018|0
0|35|7.657|-2.050|-199.018|9.842|-1.750|-201.702|8.606|-1.750|-201.921|0
0|36|7.657|-2.050|-199.018|13.078|-2.000|-200.145|9.842|-1.750|-201.702|0
0|37|9.842|-1.750|-201.702|13.078|-2.000|-200.145|12.512|-1.750|-203.507|0
0|38|12.512|-1.750|-203.507|12.445|-1.800|-206.502|9.388|-1.800|-206.271|0
0|39|9.842|-1.750|-201.702|12.512|-1.750|-203.507|9.388|-1.800|-206.271|0
0|40|12.529|-1.700|-191.330|23.383|2.000|-190.343|12.435|-1.750|-195.546|0
0|41|23.383|2.000|-190.343|23.839|2.000|-195.852|12.435|-1.750|-195.546|0
0|42|23.839|2.000|-195.852|23.747|2.000|-204.187|13.078|-2.000|-200.145|0
0|43|13.078|-2.000|-200.145|23.747|2.000|-204.187|12.512|-1.750|-203.507|0
0|44|12.435|-1.750|-195.546|23.839|2.000|-195.852|13.078|-2.000|-200.145|0
0|45|12.512|-1.750|-203.507|23.747|2.000|-204.187|12.445|-1.800|-206.502|0
0|46|23.747|2.000|-204.187|23.723|2.000|-213.375|12.445|-1.800|-206.502|0
0|47|23.747|2.000|-204.187|25.153|2.500|-213.695|23.723|2.000|-213.375|0
0|48|23.747|2.000|-204.187|25.958|3.200|-204.011|25.153|2.500|-213.695|0
0|49|23.839|2.000|-195.852|25.958|3.200|-204.011|23.747|2.000|-204.187|0
0|50|23.839|2.000|-195.852|27.143|3.300|-195.768|25.958|3.200|-204.011|0
0|51|23.383|2.000|-190.343|27.143|3.300|-195.768|23.839|2.000|-195.852|0
0|52|28.577|3.200|-190.019|27.143|3.300|-195.768|23.383|2.000|-190.343|0
0|53|28.577|3.200|-190.019|31.438|2.900|-194.208|27.143|3.300|-195.768|0
0|54|27.143|3.300|-195.768|33.225|3.200|-197.280|25.958|3.200|-204.011|0
0|55|33.225|3.200|-197.280|31.691|3.100|-206.602|25.958|3.200|-204.011|0
0|56|35.399|3.200|-190.009|35.789|2.900|-194.193|31.438|2.900|-194.208|0
0|57|31.438|2.900|-194.208|35.789|2.900|-194.193|33.225|3.200|-197.280|0
0|58|28.577|3.200|-190.019|35.399|3.200|-190.009|31.438|2.900|-194.208|0
0|59|31.438|2.900|-194.208|33.225|3.200|-197.280|27.143|3.300|-195.768|0
0|60|25.958|3.200|-204.011|31.691|3.100|-206.602|25.153|2.500|-213.695|0
0|61|31.691|3.100|-206.602|28.426|2.950|-215.030|25.153|2.500|-213.695|0
0|62|28.426|2.950|-215.030|30.604|3.200|-222.116|28.574|3.200|-221.517|0
0|63|31.691|3.100|-206.602|37.185|3.100|-220.736|28.426|2.950|-215.030|0
0|64|31.691|3.100|-206.602|36.473|3.200|-205.150|37.185|3.100|-220.736|0
0|65|36.688|3.150|-199.187|36.473|3.200|-205.150|33.225|3.200|-197.280|0
0|66|33.225|3.200|-197.280|36.473|3.200|-205.150|31.691|3.100|-206.602|0
0|67|28.426|2.950|-215.030|37.185|3.100|-220.736|30.604|3.200|-222.116|0
0|68|35.399|3.200|-190.009|42.666|3.000|-195.392|35.789|2.900|-194.193|0
0|69|35.789|2.900|-194.193|36.688|3.150|-199.187|33.225|3.200|-197.280|0
0|70|46.943|3.150|-189.618|42.666|3.000|-195.392|35.399|3.200|-190.009|0
0|71|42.666|3.000|-195.392|41.474|3.200|-199.059|35.789|2.900|-194.193|0
0|72|46.943|3.150|-189.618|47.501|3.200|-196.438|42.666|3.000|-195.392|0
0|73|47.501|3.200|-196.438|42.666|3.000|-195.392|41.474|3.200|-199.059|0
0|74|47.501|3.200|-196.438|47.987|3.200|-200.484|41.474|3.200|-199.059|0
0|75|41.474|3.200|-199.059|47.987|3.200|-200.484|42.071|3.200|-205.340|0
0|76|42.071|3.200|-205.340|42.666|3.200|-217.737|36.473|3.200|-205.150|0
0|77|47.987|3.200|-200.484|46.922|2.900|-208.486|42.071|3.200|-205.340|0
0|78|36.473|3.200|-205.150|42.666|3.200|-217.737|37.185|3.100|-220.736|0
0|79|42.666|3.200|-217.737|42.624|3.100|-221.412|37.185|3.100|-220.736|0
0|80|42.071|3.200|-205.340|46.922|2.900|-208.486|42.666|3.200|-217.737|0
0|81|46.922|2.900|-208.486|55.072|3.100|-211.849|46.172|3.200|-217.300|0
0|82|47.987|3.200|-200.484|55.110|3.000|-208.310|46.922|2.900|-208.486|0
0|83|54.499|3.100|-214.901|54.530|3.000|-221.395|46.172|3.200|-217.300|0
0|84|46.172|3.200|-217.300|54.530|3.000|-221.395|45.671|3.000|-220.790|0
0|85|49.569|3.200|-200.050|55.110|3.000|-208.310|47.987|3.200|-200.484|0
0|86|46.943|3.150|-189.618|51.662|3.200|-193.869|47.501|3.200|-196.438|0
0|87|51.662|3.200|-193.869|50.277|3.200|-196.325|47.501|3.200|-196.438|0
0|88|51.662|3.200|-193.869|51.447|3.200|-196.396|50.277|3.200|-196.325|0
0|89|50.277|3.200|-196.325|51.447|3.200|-196.396|49.569|3.200|-200.050|0
0|90|51.447|3.200|-196.396|55.666|3.200|-200.794|49.569|3.200|-200.050|0
0|91|49.569|3.200|-200.050|55.666|3.200|-200.794|55.110|3.000|-208.310|0
0|92|56.033|3.200|-197.507|64.104|3.300|-197.864|55.666|3.200|-200.794|0
0|93|56.033|3.200|-197.507|55.666|3.200|-200.794|51.447|3.200|-196.396|0
0|94|55.013|2.900|-209.123|55.072|3.100|-211.849|46.922|2.900|-208.486|0
0|95|54.499|3.100|-214.901|63.584|3.000|-221.279|54.530|3.000|-221.395|0
0|96|46.922|2.900|-208.486|46.172|3.200|-217.300|42.666|3.200|-217.737|0
0|97|64.636|2.950|-214.462|63.584|3.000|-221.279|54.499|3.100|-214.901|0
0|98|55.110|3.000|-208.310|55.013|2.900|-209.123|46.922|2.900|-208.486|0
0|99|55.072|3.100|-211.849|54.499|3.100|-214.901|46.172|3.200|-217.300|0
0|100|55.072|3.100|-211.849|64.636|2.950|-214.462|54.499|3.100|-214.901|0
0|101|64.716|2.900|-210.360|64.636|2.950|-214.462|55.072|3.100|-211.849|0
0|102|55.013|2.900|-209.123|64.716|2.900|-210.360|55.072|3.100|-211.849|0
0|103|64.935|2.700|-209.140|64.716|2.900|-210.360|55.013|2.900|-209.123|0
0|104|59.482|3.200|-206.429|64.935|2.700|-209.140|55.013|2.900|-209.123|0
0|105|55.110|3.000|-208.310|59.482|3.200|-206.429|55.013|2.900|-209.123|0
0|106|55.666|3.200|-200.794|59.482|3.200|-206.429|55.110|3.000|-208.310|0
0|107|55.666|3.200|-200.794|65.575|3.200|-204.139|59.482|3.200|-206.429|0
0|108|65.575|3.200|-204.139|64.935|2.700|-209.140|59.482|3.200|-206.429|0
0|109|64.104|3.300|-197.864|65.575|3.200|-204.139|55.666|3.200|-200.794|0
0|110|67.818|3.100|-197.697|65.575|3.200|-204.139|64.104|3.300|-197.864|0
0|111|70.278|3.200|-199.329|72.109|3.400|-203.337|70.031|3.200|-203.162|0
0|112|67.818|3.100|-197.697|70.278|3.200|-199.329|70.031|3.200|-203.162|0
0|113|67.818|3.100|-197.697|70.031|3.200|-203.162|65.575|3.200|-204.139|0
0|114|70.278|3.200|-199.329|72.843|3.450|-199.743|72.109|3.400|-203.337|0
0|115|72.843|3.450|-199.743|74.351|3.600|-204.277|72.109|3.400|-203.337|0
0|116|72.843|3.450|-199.743|74.532|3.500|-200.166|74.351|3.600|-204.277|0
0|117|74.532|3.500|-200.166|76.670|3.750|-204.576|74.351|3.600|-204.277|0
0|118|77.271|3.600|-200.987|79.211|3.800|-204.464|76.670|3.750|-204.576|0
0|119|75.745|3.600|-199.524|77.271|3.600|-200.987|74.532|3.500|-200.166|0
0|120|74.532|3.500|-200.166|77.271|3.600|-200.987|76.670|3.750|-204.576|0
0|121|77.271|3.600|-200.987|79.305|3.700|-201.449|79.211|3.800|-204.464|0
0|122|79.305|3.700|-201.449|80.857|4.200|-202.082|79.211|3.800|-204.464|0
0|123|81.768|3.900|-200.839|80.857|4.200|-202.082|79.305|3.700|-201.449|0
0|124|80.857|4.200|-202.082|80.939|4.200|-203.494|79.211|3.800|-204.464|0
0|125|80.857|4.200|-202.082|82.628|4.200|-203.301|80.939|4.200|-203.494|0
0|126|81.768|3.900|-200.839|82.698|4.200|-201.301|80.857|4.200|-202.082|0
0|127|82.698|4.200|-201.301|82.628|4.200|-203.301|80.857|4.200|-202.082|0
0|128|83.063|3.900|-200.619|82.698|4.200|-201.301|81.768|3.900|-200.839|0
0|129|83.063|3.900|-200.619|83.794|4.200|-201.254|82.698|4.200|-201.301|0
0|130|82.698|4.200|-201.301|83.666|4.000|-204.107|82.628|4.200|-203.301|0
0|131|82.698|4.200|-201.301|83.794|4.200|-201.254|83.666|4.000|-204.107|0
0|132|83.794|4.200|-201.254|87.420|4.000|-203.973|83.666|4.000|-204.107|0
0|133|83.666|4.000|-204.107|87.420|4.000|-203.973|85.268|4.000|-204.719|0
0|134|87.420|4.000|-203.973|85.801|4.300|-205.939|85.268|4.000|-204.719|0
1|0|86.926|4.000|-203.996|89.716|3.900|-203.397|85.791|4.300|-205.924|0
1|1|119.673|3.900|-191.905|122.622|3.600|-189.262|126.915|4.000|-196.953|0
1|2|135.554|4.000|-187.517|133.710|4.000|-191.708|131.004|4.000|-187.057|4
1|3|122.622|3.600|-189.262|129.050|3.600|-195.975|126.915|4.000|-196.953|0
1|4|89.716|3.900|-203.397|87.548|3.900|-210.885|85.791|4.300|-205.924|0
1|5|89.716|3.900|-203.397|93.235|4.000|-205.541|87.548|3.900|-210.885|0
1|6|98.047|4.100|-206.459|89.002|3.800|-213.442|87.548|3.900|-210.885|0
1|7|93.235|4.000|-205.541|98.047|4.100|-206.459|87.548|3.900|-210.885|0
1|8|98.047|4.100|-206.459|99.017|3.950|-214.389|94.429|4.000|-212.697|0
1|9|98.047|4.100|-206.459|94.429|4.000|-212.697|89.002|3.800|-213.442|0
1|10|98.047|4.100|-206.459|100.977|3.950|-207.721|99.017|3.950|-214.389|0
1|11|100.319|3.800|-206.176|100.977|3.950|-207.721|98.047|4.100|-206.459|0
1|12|100.319|3.800|-206.176|102.296|3.700|-207.547|100.977|3.950|-207.721|0
1|13|102.296|3.700|-207.547|104.074|3.700|-209.707|100.977|3.950|-207.721|0
1|14|104.074|3.700|-209.707|101.174|4.000|-214.951|99.017|3.950|-214.389|0
1|15|100.977|3.950|-207.721|104.074|3.700|-209.707|99.017|3.950|-214.389|0
1|16|104.074|3.700|-209.707|102.120|3.950|-216.292|101.174|4.000|-214.951|0
1|17|104.074|3.700|-209.707|106.478|3.600|-211.568|104.410|3.900|-212.143|0
1|18|104.410|3.900|-212.143|104.536|4.250|-214.158|102.120|3.950|-216.292|0
1|19|104.536|4.250|-214.158|104.962|3.800|-215.191|102.120|3.950|-216.292|0
1|20|104.074|3.700|-209.707|104.410|3.900|-212.143|102.120|3.950|-216.292|0
1|21|104.962|3.800|-215.191|102.714|3.800|-219.460|102.120|3.950|-216.292|0
1|22|104.962|3.800|-215.191|109.616|3.750|-219.445|104.889|3.800|-219.123|0
1|23|108.141|3.600|-214.197|109.616|3.750|-219.445|104.962|3.800|-215.191|0
1|24|104.962|3.800|-215.191|104.889|3.800|-219.123|102.714|3.800|-219.460|0
1|25|104.536|4.250|-214.158|106.223|4.100|-212.831|104.962|3.800|-215.191|0
1|26|106.648|3.700|-213.261|106.853|3.500|-213.434|104.962|3.800|-215.191|0
1|27|104.410|3.900|-212.143|106.223|4.100|-212.831|104.536|4.250|-214.158|0
1|28|104.410|3.900|-212.143|106.478|3.600|-211.568|106.223|4.100|-212.831|0
1|29|106.223|4.100|-212.831|106.648|3.700|-213.261|104.962|3.800|-215.191|0
1|30|106.853|3.500|-213.434|108.141|3.600|-214.197|104.962|3.800|-215.191|0
1|31|106.569|3.850|-209.015|106.478|3.600|-211.568|104.074|3.700|-209.707|0
1|32|106.478|3.600|-211.568|106.648|3.700|-213.261|106.223|4.100|-212.831|0
1|33|106.478|3.600|-211.568|108.141|3.600|-214.197|106.853|3.500|-213.434|0
1|34|108.141|3.600|-214.197|111.158|3.600|-218.038|109.616|3.750|-219.445|0
1|35|108.794|3.700|-213.726|111.158|3.600|-218.038|108.141|3.600|-214.197|0
1|36|106.569|3.850|-209.015|108.794|3.700|-213.726|108.141|3.600|-214.197|0
1|37|106.478|3.600|-211.568|106.853|3.500|-213.434|106.648|3.700|-213.261|0
1|38|106.569|3.850|-209.015|108.141|3.600|-214.197|106.478|3.600|-211.568|0
1|39|108.794|3.700|-213.726|113.290|3.900|-212.412|111.158|3.600|-218.038|0
1|40|117.450|3.800|-205.089|113.290|3.900|-212.412|109.669|3.900|-210.249|0
1|41|113.614|3.850|-200.864|117.450|3.800|-205.089|109.669|3.900|-210.249|0
1|42|106.569|3.850|-209.015|109.669|3.900|-210.249|108.794|3.700|-213.726|0
1|43|109.669|3.900|-210.249|113.290|3.900|-212.412|108.794|3.700|-213.726|0
1|44|113.614|3.850|-200.864|109.669|3.900|-210.249|106.569|3.850|-209.015|0
1|45|117.450|3.800|-205.089|117.816|3.900|-208.418|113.290|3.900|-212.412|0
1|46|120.208|3.600|-206.297|120.369|3.800|-208.944|117.816|3.900|-208.418|0
1|47|117.450|3.800|-205.089|120.208|3.600|-206.297|117.816|3.900|-208.418|0
1|48|126.915|4.000|-196.953|128.300|3.900|-202.900|123.964|3.850|-200.971|0
1|49|113.614|3.850|-200.864|118.959|3.700|-202.564|117.450|3.800|-205.089|0
1|50|118.959|3.700|-202.564|120.208|3.600|-206.297|117.450|3.800|-205.089|0
1|51|115.642|3.850|-196.218|121.240|4.000|-197.858|118.959|3.700|-202.564|0
1|52|115.642|3.850|-196.218|118.959|3.700|-202.564|113.614|3.850|-200.864|0
1|53|119.673|3.900|-191.905|121.240|4.000|-197.858|115.642|3.850|-196.218|0
1|54|123.964|3.850|-200.971|120.208|3.600|-206.297|118.959|3.700|-202.564|0
1|55|121.240|4.000|-197.858|123.964|3.850|-200.971|118.959|3.700|-202.564|0
1|56|120.208|3.600|-206.297|128.300|3.900|-202.900|120.369|3.800|-208.944|0
1|57|123.964|3.850|-200.971|128.300|3.900|-202.900|120.208|3.600|-206.297|0
1|58|119.673|3.900|-191.905|126.915|4.000|-196.953|121.240|4.000|-197.858|0
1|59|121.240|4.000|-197.858|126.915|4.000|-196.953|123.964|3.850|-200.971|0
1|60|133.710|4.000|-191.708|129.050|3.600|-195.975|122.622|3.600|-189.262|0
1|61|131.004|4.000|-187.057|133.710|4.000|-191.708|127.347|4.000|-183.437|0
1|62|127.347|4.000|-183.437|133.710|4.000|-191.708|122.622|3.600|-189.262|0
1|63|127.347|4.000|-183.437|129.162|4.000|-180.360|131.004|4.000|-187.057|0
1|64|126.915|4.000|-196.953|132.868|4.000|-199.077|128.300|3.900|-202.900|0
1|65|129.050|3.600|-195.975|132.868|4.000|-199.077|126.915|4.000|-196.953|0
1|66|133.710|4.000|-191.708|132.868|4.000|-199.077|129.050|3.600|-195.975|0
2|0|132.544|4.050|-186.179|133.484|4.000|-191.886|130.755|4.000|-187.089|0
2|1|106.244|3.900|-123.302|116.317|3.900|-124.551|107.244|4.000|-132.662|4
2|2|132.544|4.050|-186.179|138.411|4.000|-189.218|133.484|4.000|-191.886|0
2|3|136.607|3.800|-184.529|139.427|3.800|-186.360|138.411|4.000|-189.218|0
2|4|131.960|4.000|-180.041|136.607|3.800|-184.529|132.544|4.050|-186.179|0
2|5|136.607|3.800|-184.529|138.411|4.000|-189.218|132.544|4.050|-186.179|0
2|6|135.809|3.800|-182.560|139.617|3.800|-184.699|136.607|3.800|-184.529|0
2|7|135.809|3.800|-182.560|136.607|3.800|-184.529|131.960|4.000|-180.041|0
2|8|139.617|3.800|-184.699|139.427|3.800|-186.360|136.607|3.800|-184.529|0
2|9|143.558|4.000|-180.251|155.171|4.000|-182.693|139.617|3.800|-184.699|0
2|10|139.871|4.000|-159.630|138.086|4.000|-177.563|132.917|4.000|-174.620|0
2|11|138.086|4.000|-177.563|139.617|3.800|-184.699|135.809|3.800|-182.560|0
2|12|138.086|4.000|-177.563|143.558|4.000|-180.251|139.617|3.800|-184.699|0
2|13|132.917|4.000|-174.620|135.809|3.800|-182.560|131.960|4.000|-180.041|0
2|14|132.917|4.000|-174.620|138.086|4.000|-177.563|135.809|3.800|-182.560|0
2|15|148.284|4.000|-157.962|143.558|4.000|-180.251|138.086|4.000|-177.563|0
2|16|139.871|4.000|-159.630|148.284|4.000|-157.962|138.086|4.000|-177.563|0
2|17|148.284|4.000|-157.962|150.179|4.000|-173.600|143.558|4.000|-180.251|0
2|18|150.179|4.000|-173.600|155.171|4.000|-182.693|143.558|4.000|-180.251|0
2|19|148.284|4.000|-157.962|154.590|4.000|-170.296|150.179|4.000|-173.600|0
2|20|144.299|4.100|-157.078|148.284|4.000|-157.962|139.871|4.000|-159.630|0
2|21|128.962|4.000|-162.233|139.871|4.000|-159.630|129.339|4.000|-168.967|0
2|22|139.871|4.000|-159.630|132.917|4.000|-174.620|129.339|4.000|-168.967|0
2|23|143.966|4.000|-148.678|144.299|4.100|-157.078|139.871|4.000|-159.630|0
2|24|128.962|4.000|-162.233|129.339|4.000|-168.967|124.074|4.000|-163.329|0
2|25|127.097|4.000|-144.467|143.966|4.000|-148.678|127.905|4.000|-157.939|0
2|26|127.905|4.000|-157.939|139.871|4.000|-159.630|128.962|4.000|-162.233|0
2|27|127.097|4.000|-144.467|127.905|4.000|-157.939|123.326|4.000|-159.583|0
2|28|143.966|4.000|-148.678|139.871|4.000|-159.630|127.905|4.000|-157.939|0
2|29|124.074|4.000|-163.329|129.339|4.000|-168.967|127.300|4.000|-168.825|0
2|30|124.074|4.000|-163.329|127.300|4.000|-168.825|123.801|4.000|-166.096|0
2|31|124.074|4.000|-163.329|123.801|4.000|-166.096|120.612|4.000|-161.209|0
2|32|123.326|4.000|-159.583|124.074|4.000|-163.329|120.612|4.000|-161.209|0
2|33|118.577|4.000|-153.621|123.326|4.000|-159.583|120.612|4.000|-161.209|0
2|34|127.097|4.000|-144.467|123.326|4.000|-159.583|118.577|4.000|-153.621|0
2|35|137.549|4.000|-136.703|143.966|4.000|-148.678|127.097|4.000|-144.467|0
2|36|148.785|4.000|-142.390|143.966|4.000|-148.678|137.549|4.000|-136.703|0
2|37|133.306|4.000|-138.576|137.549|4.000|-136.703|127.097|4.000|-144.467|0
2|38|119.762|4.000|-136.925|127.097|4.000|-144.467|118.577|4.000|-153.621|0
2|39|133.306|4.000|-138.576|127.097|4.000|-144.467|119.762|4.000|-136.925|0
2|40|132.272|4.000|-136.066|133.306|4.000|-138.576|119.762|4.000|-136.925|0
2|41|133.502|4.000|-134.532|132.272|4.000|-136.066|124.855|4.000|-133.295|0
2|42|118.577|4.000|-153.621|120.612|4.000|-161.209|117.045|3.900|-161.168|0
2|43|112.680|4.000|-154.921|118.577|4.000|-153.621|112.933|4.000|-157.920|0
2|44|119.762|4.000|-136.925|118.577|4.000|-153.621|114.902|3.900|-144.217|0
2|45|118.577|4.000|-153.621|117.045|3.900|-161.168|112.933|4.000|-157.920|0
2|46|107.332|4.000|-137.279|119.762|4.000|-136.925|114.902|3.900|-144.217|0
2|47|114.902|3.900|-144.217|118.577|4.000|-153.621|112.680|4.000|-154.921|0
2|48|114.902|3.900|-144.217|112.680|4.000|-154.921|105.286|4.500|-150.042|0
2|49|105.286|4.500|-150.042|112.680|4.000|-154.921|112.933|4.000|-157.920|0
2|50|104.896|4.000|-141.916|114.902|3.900|-144.217|105.183|4.400|-143.441|0
2|51|114.902|3.900|-144.217|105.286|4.500|-150.042|105.183|4.400|-143.441|0
2|52|107.332|4.000|-137.279|114.902|3.900|-144.217|104.896|4.000|-141.916|0
2|53|101.895|4.000|-133.605|107.332|4.000|-137.279|104.896|4.000|-141.916|0
2|54|101.895|4.000|-133.605|107.244|4.000|-132.662|107.332|4.000|-137.279|0
2|55|107.244|4.000|-132.662|119.762|4.000|-136.925|107.332|4.000|-137.279|0
2|56|124.855|4.000|-133.295|132.272|4.000|-136.066|119.762|4.000|-136.925|0
2|57|133.160|4.000|-128.686|133.502|4.000|-134.532|124.855|4.000|-133.295|0
2|58|131.719|4.000|-121.728|133.160|4.000|-128.686|124.855|4.000|-133.295|0
2|59|131.719|4.000|-121.728|124.855|4.000|-133.295|116.317|3.900|-124.551|0
2|60|116.317|3.900|-124.551|119.762|4.000|-136.925|107.244|4.000|-132.662|0
2|61|116.317|3.900|-124.551|124.855|4.000|-133.295|119.762|4.000|-136.925|0
3|0|117.364|4.000|-125.217|106.343|4.000|-133.111|106.797|4.000|-124.264|0
3|1|65.233|-0.300|-67.118|64.523|0.100|-74.982|43.023|-0.300|-66.441|0
3|2|48.321|0.000|-75.940|64.523|0.100|-74.982|48.363|0.050|-81.989|0
3|3|60.700|0.000|-54.804|53.933|-0.000|-62.989|40.349|0.000|-53.054|0
3|4|40.349|0.000|-53.054|53.933|-0.000|-62.989|42.359|0.000|-63.492|0
3|5|49.162|-0.000|-41.216|60.700|0.000|-54.804|40.349|0.000|-53.054|0
3|6|60.097|0.000|-41.606|60.700|0.000|-54.804|49.162|-0.000|-41.216|0
3|7|36.010|0.100|-41.200|45.324|0.100|-33.781|49.162|-0.000|-41.216|0
3|8|54.581|0.100|-32.488|60.097|0.000|-41.606|49.162|-0.000|-41.216|0
3|9|36.010|0.100|-41.200|49.162|-0.000|-41.216|39.044|0.200|-50.062|0
3|10|45.324|0.100|-33.781|36.010|0.100|-41.200|35.183|0.100|-38.576|0
3|11|51.052|0.100|-31.791|54.581|0.100|-32.488|49.162|-0.000|-41.216|0
3|12|45.324|0.100|-33.781|51.052|0.100|-31.791|49.162|-0.000|-41.216|0
3|13|39.335|0.100|-26.442|45.324|0.100|-33.781|35.183|0.100|-38.576|0
3|14|39.625|0.050|-19.047|53.089|-0.000|-26.408|39.335|0.100|-26.442|0
3|15|53.089|-0.000|-26.408|51.052|0.100|-31.791|39.335|0.100|-26.442|0
3|16|49.819|0.100|-9.946|51.813|0.000|-21.397|39.625|0.050|-19.047|0
3|17|51.813|0.000|-21.397|53.089|-0.000|-26.408|39.625|0.050|-19.047|0
3|18|32.925|0.100|-8.480|49.819|0.100|-9.946|39.625|0.050|-19.047|0
3|19|46.197|0.100|-3.744|49.819|0.100|-9.946|32.925|0.100|-8.480|0
3|20|33.161|0.100|-3.766|46.197|0.100|-3.744|32.925|0.100|-8.480|0
3|21|32.925|0.100|-8.480|39.625|0.050|-19.047|30.491|0.100|-13.121|0
3|22|28.907|0.200|-3.696|28.556|0.200|-8.530|25.354|0.000|-5.409|0
3|23|25.354|0.000|-5.409|28.556|0.200|-8.530|25.388|-0.200|-8.273|0
3|24|22.255|-0.300|-6.124|23.526|-0.350|-9.388|21.296|-0.500|-7.699|4
3|25|110.856|3.900|-122.276|117.364|4.000|-125.217|106.797|4.000|-124.264|0
3|26|106.585|4.000|-117.703|110.856|3.900|-122.276|106.797|4.000|-124.264|0
3|27|106.585|4.000|-117.703|101.125|4.000|-119.765|97.933|4.000|-116.639|0
3|28|106.585|4.000|-117.703|106.797|4.000|-124.264|103.536|3.900|-122.219|0
3|29|106.585|4.000|-117.703|103.536|3.900|-122.219|101.125|4.000|-119.765|0
3|30|102.968|4.000|-113.233|106.585|4.000|-117.703|97.933|4.000|-116.639|0
3|31|101.125|4.000|-119.765|103.536|3.900|-122.219|100.371|3.900|-124.036|0
3|32|101.125|4.000|-119.765|100.371|3.900|-124.036|96.467|3.750|-124.005|0
3|33|97.933|4.000|-116.639|101.125|4.000|-119.765|96.467|3.750|-124.005|0
3|34|97.933|4.000|-116.639|96.467|3.750|-124.005|90.344|3.500|-120.519|0
3|35|96.462|3.950|-105.967|97.933|4.000|-116.639|92.370|3.950|-111.634|0
3|36|96.462|3.950|-105.967|102.968|4.000|-113.233|97.933|4.000|-116.639|0
3|37|90.767|3.800|-117.219|97.933|4.000|-116.639|90.344|3.500|-120.519|0
3|38|92.370|3.950|-111.634|97.933|4.000|-116.639|90.767|3.800|-117.219|0
3|39|92.370|3.950|-111.634|90.767|3.800|-117.219|89.177|3.900|-114.270|0
3|40|88.348|3.900|-107.195|92.370|3.950|-111.634|89.177|3.900|-114.270|0
3|41|93.964|4.200|-106.260|96.462|3.950|-105.967|92.370|3.950|-111.634|0
3|42|90.622|3.900|-101.908|93.964|4.200|-106.260|88.348|3.900|-107.195|0
3|43|93.964|4.200|-106.260|92.370|3.950|-111.634|88.348|3.900|-107.195|0
3|44|90.622|3.900|-101.908|88.348|3.900|-107.195|84.235|4.200|-93.611|0
3|45|81.640|4.000|-104.125|84.695|4.000|-109.377|74.174|3.850|-110.518|0
3|46|81.640|4.000|-104.125|85.082|4.000|-106.679|84.695|4.000|-109.377|0
3|47|84.235|4.200|-93.611|85.082|4.000|-106.679|81.640|4.000|-104.125|0
3|48|84.695|4.000|-109.377|84.063|3.900|-113.315|74.174|3.850|-110.518|0
3|49|73.241|3.700|-106.832|81.640|4.000|-104.125|74.174|3.850|-110.518|0
3|50|84.235|4.200|-93.611|81.640|4.000|-104.125|78.850|4.100|-99.291|0
3|51|84.235|4.200|-93.611|88.348|3.900|-107.195|85.082|4.000|-106.679|0
3|52|78.850|4.100|-99.291|81.640|4.000|-104.125|73.241|3.700|-106.832|0
3|53|75.560|4.200|-100.026|78.850|4.100|-99.291|73.241|3.700|-106.832|0
3|54|75.560|4.200|-100.026|73.241|3.700|-106.832|70.943|3.600|-104.638|0
3|55|81.674|4.500|-93.473|78.850|4.100|-99.291|75.560|4.200|-100.026|0
3|56|81.674|4.500|-93.473|84.235|4.200|-93.611|78.850|4.100|-99.291|0
3|57|81.674|4.500|-93.473|75.560|4.200|-100.026|75.617|2.600|-91.461|0
3|58|72.065|2.400|-96.180|75.560|4.200|-100.026|69.045|2.100|-99.117|0
3|59|75.617|2.600|-91.461|75.560|4.200|-100.026|72.065|2.400|-96.180|0
3|60|65.052|0.100|-94.918|69.045|2.100|-99.117|64.734|0.100|-97.621|0
3|61|75.560|4.200|-100.026|70.943|3.600|-104.638|69.045|2.100|-99.117|0
3|62|65.052|0.100|-94.918|72.065|2.400|-96.180|69.045|2.100|-99.117|0
3|63|75.617|2.600|-91.461|72.065|2.400|-96.180|68.552|0.300|-88.678|0
3|64|68.552|0.300|-88.678|72.065|2.400|-96.180|65.052|0.100|-94.918|0
3|65|65.052|0.100|-94.918|64.734|0.100|-97.621|60.827|0.200|-94.134|0
3|66|63.137|0.200|-85.946|68.552|0.300|-88.678|60.827|0.200|-94.134|0
3|67|64.523|0.100|-74.982|63.094|0.050|-80.653|48.363|0.050|-81.989|0
3|68|63.137|0.200|-85.946|60.827|0.200|-94.134|58.089|-0.200|-90.587|0
3|69|48.363|0.050|-81.989|63.137|0.200|-85.946|58.089|-0.200|-90.587|0
3|70|63.094|0.050|-80.653|63.137|0.200|-85.946|48.363|0.050|-81.989|0
3|71|68.552|0.300|-88.678|65.052|0.100|-94.918|60.827|0.200|-94.134|0
3|72|40.798|0.100|-70.151|48.321|0.000|-75.940|43.806|0.100|-81.322|0
3|73|43.023|-0.300|-66.441|64.523|0.100|-74.982|48.321|0.000|-75.940|0
3|74|43.023|-0.300|-66.441|48.321|0.000|-75.940|40.798|0.100|-70.151|0
3|75|48.321|0.000|-75.940|48.363|0.050|-81.989|43.806|0.100|-81.322|0
3|76|53.933|-0.000|-62.989|65.233|-0.300|-67.118|43.023|-0.300|-66.441|0
3|77|65.477|0.000|-60.602|65.233|-0.300|-67.118|53.933|-0.000|-62.989|0
3|78|60.700|0.000|-54.804|65.477|0.000|-60.602|53.933|-0.000|-62.989|0
3|79|31.102|0.300|6.666|33.161|0.100|-3.766|28.907|0.200|-3.696|0
3|80|45.450|0.300|4.009|46.197|0.100|-3.744|33.161|0.100|-3.766|0
3|81|31.102|0.300|6.666|45.450|0.300|4.009|33.161|0.100|-3.766|0
3|82|32.925|0.100|-8.480|30.491|0.100|-13.121|28.556|0.200|-8.530|0
3|83|33.161|0.100|-3.766|32.925|0.100|-8.480|28.907|0.200|-3.696|0
3|84|28.907|0.200|-3.696|32.925|0.100|-8.480|28.556|0.200|-8.530|0
3|85|24.284|-0.200|-6.057|25.388|-0.200|-8.273|23.526|-0.350|-9.388|0
3|86|25.354|0.000|-5.409|25.388|-0.200|-8.273|24.284|-0.200|-6.057|0
3|87|24.284|-0.200|-6.057|23.526|-0.350|-9.388|22.255|-0.300|-6.124|0
3|88|42.359|0.000|-63.492|53.933|-0.000|-62.989|43.023|-0.300|-66.441|0
3|89|40.349|0.000|-53.054|42.359|0.000|-63.492|35.693|0.000|-63.792|0
3|90|40.349|0.000|-53.054|35.693|0.000|-63.792|35.203|0.100|-54.227|0
3|91|30.766|0.100|-57.066|35.693|0.000|-63.792|30.714|0.100|-64.311|0
3|92|31.150|0.100|-50.698|35.203|0.100|-54.227|30.766|0.100|-57.066|0
3|93|30.766|0.100|-57.066|35.203|0.100|-54.227|35.693|0.000|-63.792|0
3|94|35.634|0.100|-50.431|35.203|0.100|-54.227|31.150|0.100|-50.698|0
3|95|39.044|0.200|-50.062|49.162|-0.000|-41.216|40.349|0.000|-53.054|0
3|96|36.010|0.100|-41.200|39.044|0.200|-50.062|35.634|0.100|-50.431|0
3|97|31.247|0.100|-41.997|35.634|0.100|-50.431|31.150|0.100|-50.698|0
3|98|36.010|0.100|-41.200|35.634|0.100|-50.431|31.247|0.100|-41.997|0
3|99|35.183|0.100|-38.576|36.010|0.100|-41.200|31.247|0.100|-41.997|0
3|100|39.335|0.100|-26.442|51.052|0.100|-31.791|45.324|0.100|-33.781|0
4|0|22.419|-0.300|-6.080|23.533|-0.300|-9.441|20.960|-0.550|-7.782|0
4|1|-2.926|-1.000|1.162|4.940|-1.000|-1.054|0.527|-1.000|-5.522|0
4|2|0.476|-1.000|7.387|4.940|-1.000|-1.054|-2.926|-1.000|1.162|0
4|3|0.476|-1.000|7.387|5.802|-1.000|2.097|4.940|-1.000|-1.054|0
4|4|3.456|-1.000|10.849|6.934|-1.000|6.960|5.802|-1.000|2.097|0
4|5|3.456|-1.000|10.849|5.802|-1.000|2.097|0.476|-1.000|7.387|0
4|6|6.934|-1.000|6.960|8.389|-1.000|2.031|5.802|-1.000|2.097|0
4|7|9.544|-1.000|5.556|8.389|-1.000|2.031|6.934|-1.000|6.960|0
4|8|7.926|-1.000|8.835|10.083|-1.000|8.166|6.934|-1.000|6.960|0
4|9|10.083|-1.000|8.166|9.544|-1.000|5.556|6.934|-1.000|6.960|0
4|10|9.544|-1.000|5.556|14.658|-0.500|7.280|11.608|-0.500|1.155|0
4|11|9.544|-1.000|5.556|11.608|-0.500|1.155|8.389|-1.000|2.031|0
4|12|8.389|-1.000|2.031|8.071|-0.500|-3.109|5.802|-1.000|2.097|0
4|13|5.802|-1.000|2.097|8.071|-0.500|-3.109|4.940|-1.000|-1.054|0
4|14|8.389|-1.000|2.031|11.608|-0.500|1.155|12.198|-0.500|-3.723|0
4|15|8.389|-1.000|2.031|12.198|-0.500|-3.723|8.071|-0.500|-3.109|0
4|16|8.071|-0.500|-3.109|12.198|-0.500|-3.723|10.301|-0.500|-5.102|0
4|17|14.658|-0.500|7.280|14.534|-0.500|2.589|11.608|-0.500|1.155|0
4|18|4.940|-1.000|-1.054|8.071|-0.500|-3.109|2.274|-0.500|-8.279|0
4|19|4.940|-1.000|-1.054|2.274|-0.500|-8.279|0.527|-1.000|-5.522|0
4|20|0.527|-1.000|-5.522|2.274|-0.500|-8.279|-7.219|-0.500|-11.398|0
4|21|-5.277|-1.000|-5.279|0.527|-1.000|-5.522|-7.219|-0.500|-11.398|0
4|22|-5.277|-1.000|-5.279|-7.219|-0.500|-11.398|-13.363|-0.500|-9.336|0
4|23|-9.409|-0.500|-3.519|-5.277|-1.000|-5.279|-13.363|-0.500|-9.336|0
4|24|-2.926|-1.000|1.162|-5.277|-1.000|-5.279|-9.409|-0.500|-3.519|0
4|25|-8.045|-0.500|3.813|-2.926|-1.000|1.162|-9.409|-0.500|-3.519|0
4|26|0.476|-1.000|7.387|-2.926|-1.000|1.162|-6.726|-0.500|5.931|0
4|27|-6.726|-0.500|5.931|-2.926|-1.000|1.162|-8.045|-0.500|3.813|0
4|28|-3.564|-0.500|8.794|0.476|-1.000|7.387|-6.726|-0.500|5.931|0
4|29|-0.894|-0.500|14.932|3.456|-1.000|10.849|-3.564|-0.500|8.794|0
4|30|3.456|-1.000|10.849|0.476|-1.000|7.387|-3.564|-0.500|8.794|0
4|31|5.479|-0.500|13.182|3.456|-1.000|10.849|-0.894|-0.500|14.932|0
4|32|4.313|-0.500|16.693|5.479|-0.500|13.182|-0.894|-0.500|14.932|0
4|33|5.479|-0.500|13.182|6.934|-1.000|6.960|3.456|-1.000|10.849|0
4|34|5.479|-0.500|13.182|7.926|-1.000|8.835|6.934|-1.000|6.960|0
4|35|8.327|-0.500|13.404|7.926|-1.000|8.835|5.479|-0.500|13.182|0
4|36|12.838|-0.500|13.512|10.083|-1.000|8.166|8.327|-0.500|13.404|0
4|37|10.083|-1.000|8.166|14.658|-0.500|7.280|9.544|-1.000|5.556|0
4|38|10.083|-1.000|8.166|7.926|-1.000|8.835|8.327|-0.500|13.404|0
4|39|1.466|-0.500|17.591|4.313|-0.500|16.693|-0.894|-0.500|14.932|0
4|40|15.992|-0.500|10.372|14.658|-0.500|7.280|10.083|-1.000|8.166|0
4|41|12.838|-0.500|13.512|15.992|-0.500|10.372|10.083|-1.000|8.166|0
4|42|-6.659|-0.500|9.068|-3.564|-0.500|8.794|-6.726|-0.500|5.931|0
4|43|-13.363|-0.500|-9.336|-7.219|-0.500|-11.398|-8.539|-0.500|-13.062|0
4|44|-13.363|-0.500|-9.336|-8.539|-0.500|-13.062|-13.780|-0.500|-10.517|0
4|45|-13.780|-0.500|-10.517|-8.539|-0.500|-13.062|-9.752|-0.500|-16.448|0
4|46|-13.780|-0.500|-10.517|-9.752|-0.500|-16.448|-15.178|-0.500|-14.967|0
4|47|-8.539|-0.500|-13.062|-3.854|-0.300|-17.784|-9.752|-0.500|-16.448|0
4|48|-9.752|-0.500|-16.448|-3.854|-0.300|-17.784|-6.063|-0.500|-18.870|0
4|49|-9.752|-0.500|-16.448|-6.063|-0.500|-18.870|-9.172|-0.500|-21.307|0
4|50|-6.063|-0.500|-18.870|-7.095|-0.500|-21.463|-9.172|-0.500|-21.307|0
4|51|-13.780|-0.500|-10.517|-15.178|-0.500|-14.967|-17.904|-0.500|-11.885|0
4|52|-17.904|-0.500|-11.885|-15.178|-0.500|-14.967|-19.282|-0.500|-15.282|0
4|53|-19.754|-0.500|-10.911|-17.904|-0.500|-11.885|-19.282|-0.500|-15.282|0
4|54|-19.754|-0.500|-10.911|-19.282|-0.500|-15.282|-20.951|-0.500|-12.908|0
4|55|4.797|-0.500|-16.457|7.477|-0.500|-17.889|4.644|-0.500|-20.185|0
4|56|4.797|-0.500|-16.457|4.644|-0.500|-20.185|2.136|-0.230|-18.221|0
4|57|7.477|-0.500|-17.889|4.578|-0.500|-21.624|4.644|-0.500|-20.185|0
4|58|7.477|-0.500|-17.889|7.476|-0.500|-20.980|4.578|-0.500|-21.624|0
4|59|7.477|-0.500|-17.889|9.539|-0.500|-18.815|7.476|-0.500|-20.980|0
4|60|13.242|-0.500|15.881|12.838|-0.500|13.512|9.031|-0.500|16.994|0
4|61|9.031|-0.500|16.994|12.838|-0.500|13.512|8.327|-0.500|13.404|0
4|62|8.071|-0.500|-3.109|10.301|-0.500|-5.102|6.596|-0.230|-12.131|0
4|63|8.071|-0.500|-3.109|6.596|-0.230|-12.131|2.274|-0.500|-8.279|0
4|64|2.274|-0.500|-8.279|6.596|-0.230|-12.131|-0.696|-0.230|-12.971|0
4|65|2.274|-0.500|-8.279|-0.696|-0.230|-12.971|-7.219|-0.500|-11.398|0
4|66|-7.219|-0.500|-11.398|-3.854|-0.300|-17.784|-8.539|-0.500|-13.062|0
4|67|-7.219|-0.500|-11.398|-0.696|-0.230|-12.971|-3.854|-0.300|-17.784|0
4|68|-0.696|-0.230|-12.971|2.136|-0.230|-18.221|-3.854|-0.300|-17.784|0
4|69|-0.696|-0.230|-12.971|4.797|-0.500|-16.457|2.136|-0.230|-18.221|0
4|70|-0.696|-0.230|-12.971|6.596|-0.230|-12.131|4.797|-0.500|-16.457|0
4|71|6.596|-0.230|-12.131|7.477|-0.500|-17.889|4.797|-0.500|-16.457|0
4|72|10.301|-0.500|-5.102|11.616|-0.230|-11.334|6.596|-0.230|-12.131|0
4|73|6.596|-0.230|-12.131|9.584|-0.230|-14.318|7.477|-0.500|-17.889|0
4|74|9.584|-0.230|-14.318|9.539|-0.500|-18.815|7.477|-0.500|-17.889|0
4|75|6.596|-0.230|-12.131|11.616|-0.230|-11.334|9.584|-0.230|-14.318|0
4|76|10.301|-0.500|-5.102|14.644|-0.230|-10.529|11.616|-0.230|-11.334|0
4|77|12.198|-0.500|-3.723|14.644|-0.230|-10.529|10.301|-0.500|-5.102|0
4|78|14.828|-0.230|-2.951|14.644|-0.230|-10.529|12.198|-0.500|-3.723|0
4|79|11.608|-0.500|1.155|14.828|-0.230|-2.951|12.198|-0.500|-3.723|0
4|80|-12.473|-0.300|5.782|-8.045|-0.500|3.813|-9.409|-0.500|-3.519|0
4|81|-12.473|-0.300|5.782|-9.409|-0.500|-3.519|-14.438|-0.300|-1.344|0
4|82|-14.438|-0.300|-1.344|-9.409|-0.500|-3.519|-13.363|-0.500|-9.336|0
4|83|-14.438|-0.300|-1.344|-13.363|-0.500|-9.336|-16.276|-0.300|-6.343|0
4|84|-10.872|-0.300|9.189|-8.045|-0.500|3.813|-12.473|-0.300|5.782|0
4|85|-10.872|-0.300|9.189|-6.726|-0.500|5.931|-8.045|-0.500|3.813|0
4|86|-6.659|-0.500|9.068|-6.726|-0.500|5.931|-10.872|-0.300|9.189|0
4|87|-11.073|-0.300|14.586|-7.382|-0.300|13.229|-10.872|-0.300|9.189|0
4|88|-5.416|-0.300|11.183|-6.659|-0.500|9.068|-10.872|-0.300|9.189|0
4|89|-7.382|-0.300|13.229|-5.416|-0.300|11.183|-10.872|-0.300|9.189|0
4|90|-5.416|-0.300|11.183|-3.564|-0.500|8.794|-6.659|-0.500|9.068|0
4|91|-0.894|-0.500|14.932|-3.564|-0.500|8.794|-5.416|-0.300|11.183|0
4|92|-2.709|-0.300|15.258|-0.894|-0.500|14.932|-5.416|-0.300|11.183|0
4|93|-1.590|-0.300|17.416|-0.894|-0.500|14.932|-2.709|-0.300|15.258|0
4|94|-1.590|-0.300|17.416|1.466|-0.500|17.591|-0.894|-0.500|14.932|0
4|95|-16.276|-0.300|-6.343|-13.363|-0.500|-9.336|-13.780|-0.500|-10.517|0
4|96|-16.276|-0.300|-6.343|-13.780|-0.500|-10.517|-17.414|-0.300|-7.767|0
4|97|-17.414|-0.300|-7.767|-13.780|-0.500|-10.517|-17.904|-0.500|-11.885|0
4|98|-17.414|-0.300|-7.767|-17.904|-0.500|-11.885|-19.754|-0.500|-10.911|0
4|99|-18.734|-0.300|-6.997|-19.754|-0.500|-10.911|-22.255|-0.200|-8.855|0
4|100|-22.255|-0.200|-8.855|-19.754|-0.500|-10.911|-20.951|-0.500|-12.908|0
4|101|-18.734|-0.300|-6.997|-17.414|-0.300|-7.767|-19.754|-0.500|-10.911|0
4|102|-22.255|-0.200|-8.855|-20.951|-0.500|-12.908|-23.476|-0.500|-10.911|0
4|103|-16.276|-0.300|-6.343|-17.414|-0.300|-7.767|-18.734|-0.300|-6.997|0
4|104|-17.881|-0.300|-3.619|-16.276|-0.300|-6.343|-18.734|-0.300|-6.997|0
4|105|-17.881|-0.300|-3.619|-18.734|-0.300|-6.997|-21.096|-0.300|-3.955|0
4|106|-14.438|-0.300|-1.344|-16.276|-0.300|-6.343|-17.881|-0.300|-3.619|0
4|107|-17.839|-0.300|6.911|-14.438|-0.300|-1.344|-17.881|-0.300|-3.619|0
4|108|-12.473|-0.300|5.782|-14.438|-0.300|-1.344|-17.839|-0.300|6.911|0
4|109|-16.285|-0.300|10.066|-12.473|-0.300|5.782|-17.839|-0.300|6.911|0
4|110|-10.872|-0.300|9.189|-12.473|-0.300|5.782|-16.285|-0.300|10.066|0
4|111|-17.839|-0.300|6.911|-17.881|-0.300|-3.619|-21.291|-0.300|-0.777|0
4|112|-17.839|-0.300|6.911|-21.291|-0.300|-0.777|-23.485|-0.300|2.019|0
4|113|-21.291|-0.300|-0.777|-17.881|-0.300|-3.619|-21.096|-0.300|-3.955|0
4|114|-22.773|-0.300|7.528|-17.839|-0.300|6.911|-23.485|-0.300|2.019|0
4|115|-22.773|-0.300|7.528|-23.485|-0.300|2.019|-24.794|-0.300|4.925|0
4|116|-20.771|-0.300|11.081|-17.839|-0.300|6.911|-22.773|-0.300|7.528|0
4|117|-20.771|-0.300|11.081|-17.042|-0.300|10.826|-17.839|-0.300|6.911|0
4|118|-11.073|-0.300|14.586|-10.872|-0.300|9.189|-14.876|-0.300|11.571|0
4|119|-14.768|-0.300|14.750|-11.073|-0.300|14.586|-14.876|-0.300|11.571|0
4|120|-17.042|-0.300|10.826|-16.285|-0.300|10.066|-17.839|-0.300|6.911|0
4|121|-14.126|-0.300|16.957|-14.768|-0.300|14.750|-17.039|-0.300|14.244|0
4|122|-14.126|-0.300|16.957|-11.073|-0.300|14.586|-14.768|-0.300|14.750|0
4|123|-14.876|-0.300|11.571|-10.872|-0.300|9.189|-16.285|-0.300|10.066|0
4|124|-14.126|-0.300|16.957|-17.039|-0.300|14.244|-16.574|-0.300|15.872|0
4|125|-19.024|-0.300|16.241|-17.039|-0.300|14.244|-18.940|-0.300|14.475|0
4|126|-16.574|-0.300|15.872|-17.039|-0.300|14.244|-19.024|-0.300|16.241|0
4|127|-18.940|-0.300|14.475|-17.042|-0.300|10.826|-20.771|-0.300|11.081|0
4|128|-17.039|-0.300|14.244|-17.042|-0.300|10.826|-18.940|-0.300|14.475|0
4|129|-21.096|-0.300|-3.955|-18.734|-0.300|-6.997|-22.255|-0.200|-8.855|0
4|130|-21.096|-0.300|-3.955|-22.255|-0.200|-8.855|-24.193|-0.200|-4.527|0
4|131|-24.193|-0.200|-4.527|-22.255|-0.200|-8.855|-23.476|-0.500|-10.911|0
4|132|-24.193|-0.200|-4.527|-23.476|-0.500|-10.911|-26.678|-0.200|-4.939|0
4|133|-24.239|-0.200|-1.491|-24.193|-0.200|-4.527|-26.678|-0.200|-4.939|0
4|134|-21.291|-0.300|-0.777|-21.096|-0.300|-3.955|-24.193|-0.200|-4.527|0
4|135|-23.485|-0.300|2.019|-21.291|-0.300|-0.777|-24.239|-0.200|-1.491|0
4|136|-21.291|-0.300|-0.777|-24.193|-0.200|-4.527|-24.239|-0.200|-1.491|0
4|137|-27.030|-0.200|1.622|-23.485|-0.300|2.019|-24.239|-0.200|-1.491|0
4|138|-27.030|-0.200|1.622|-24.239|-0.200|-1.491|-26.678|-0.200|-4.939|0
4|139|-24.794|-0.300|4.925|-23.485|-0.300|2.019|-27.030|-0.200|1.622|0
4|140|-25.803|-0.200|6.699|-24.794|-0.300|4.925|-27.030|-0.200|1.622|0
4|141|-22.773|-0.300|7.528|-24.794|-0.300|4.925|-25.803|-0.200|6.699|0
4|142|-22.833|-0.200|12.913|-20.771|-0.300|11.081|-22.773|-0.300|7.528|0
4|143|-26.418|-0.200|10.426|-22.773|-0.300|7.528|-25.803|-0.200|6.699|0
4|144|-22.833|-0.200|12.913|-22.773|-0.300|7.528|-26.418|-0.200|10.426|0
4|145|-20.667|-0.200|15.282|-18.940|-0.300|14.475|-20.771|-0.300|11.081|0
4|146|-20.667|-0.200|15.282|-20.771|-0.300|11.081|-22.833|-0.200|12.913|0
4|147|-19.024|-0.300|16.241|-18.940|-0.300|14.475|-20.667|-0.200|15.282|0
4|148|-20.057|-0.200|16.966|-19.024|-0.300|16.241|-20.667|-0.200|15.282|0
4|149|-18.264|-0.200|18.593|-19.024|-0.300|16.241|-20.057|-0.200|16.966|0
4|150|-18.264|-0.200|18.593|-16.574|-0.300|15.872|-19.024|-0.300|16.241|0
4|151|-14.837|-0.200|19.869|-14.126|-0.300|16.957|-16.574|-0.300|15.872|0
4|152|-14.837|-0.200|19.869|-16.574|-0.300|15.872|-18.264|-0.200|18.593|0
4|153|-14.837|-0.200|19.869|-9.504|-0.200|21.918|-14.126|-0.300|16.957|0
4|154|-9.504|-0.200|21.918|-9.017|-0.200|17.466|-14.126|-0.300|16.957|0
4|155|-9.017|-0.200|17.466|-11.073|-0.300|14.586|-14.126|-0.300|16.957|0
4|156|-9.017|-0.200|17.466|-7.382|-0.300|13.229|-11.073|-0.300|14.586|0
4|157|-9.017|-0.200|17.466|-6.478|-0.200|17.115|-7.382|-0.300|13.229|0
4|158|-6.478|-0.200|17.115|-5.416|-0.300|11.183|-7.382|-0.300|13.229|0
4|159|-6.478|-0.200|17.115|-2.709|-0.300|15.258|-5.416|-0.300|11.183|0
4|160|-1.590|-0.300|17.416|-2.709|-0.300|15.258|-3.939|-0.200|19.571|0
4|161|-3.939|-0.200|19.571|-2.709|-0.300|15.258|-6.478|-0.200|17.115|0
4|162|-9.504|-0.200|21.918|-3.939|-0.200|19.571|-6.478|-0.200|17.115|0
4|163|-9.504|-0.200|21.918|-6.478|-0.200|17.115|-9.017|-0.200|17.466|0
4|164|4.313|-0.500|16.693|8.327|-0.500|13.404|5.479|-0.500|13.182|0
4|165|9.031|-0.500|16.994|8.327|-0.500|13.404|4.313|-0.500|16.693|0
4|166|13.242|-0.500|15.881|15.992|-0.500|10.372|12.838|-0.500|13.512|0
4|167|14.534|-0.500|2.589|14.828|-0.230|-2.951|11.608|-0.500|1.155|0
4|168|9.584|-0.230|-14.318|11.732|0.600|-14.777|9.539|-0.500|-18.815|0
4|169|-3.854|-0.300|-17.784|0.657|0.500|-20.177|-3.966|0.500|-20.029|0
4|170|-3.854|-0.300|-17.784|-3.966|0.500|-20.029|-6.063|-0.500|-18.870|0
4|171|-6.063|-0.500|-18.870|-5.377|0.500|-21.969|-7.095|-0.500|-21.463|0
4|172|-3.854|-0.300|-17.784|2.136|-0.230|-18.221|0.657|0.500|-20.177|0
4|173|2.136|-0.230|-18.221|4.644|-0.500|-20.185|2.708|0.500|-21.599|0
4|174|4.644|-0.500|-20.185|4.578|-0.500|-21.624|2.708|0.500|-21.599|0
4|175|2.136|-0.230|-18.221|2.708|0.500|-21.599|0.657|0.500|-20.177|0
4|176|-6.063|-0.500|-18.870|-3.966|0.500|-20.029|-5.377|0.500|-21.969|0
4|177|0.657|0.500|-20.177|2.708|0.500|-21.599|-5.377|0.500|-21.969|0
4|178|-3.966|0.500|-20.029|0.657|0.500|-20.177|-5.377|0.500|-21.969|0
4|179|11.815|0.600|-12.342|11.732|0.600|-14.777|9.584|-0.230|-14.318|0
4|180|11.732|0.600|-14.777|12.660|0.600|-17.333|9.539|-0.500|-18.815|0
4|181|11.815|0.600|-12.342|14.214|0.600|-12.054|13.555|0.600|-12.893|0
4|182|14.214|0.600|-12.054|16.094|0.600|-14.419|13.555|0.600|-12.893|0
4|183|11.815|0.600|-12.342|13.555|0.600|-12.893|11.732|0.600|-14.777|0
4|184|14.828|-0.230|-2.951|15.994|-0.230|-7.460|14.644|-0.230|-10.529|0
4|185|18.672|0.500|-13.302|16.094|0.600|-14.419|14.214|0.600|-12.054|0
4|186|14.644|-0.230|-10.529|18.672|0.500|-13.302|14.214|0.600|-12.054|0
4|187|14.644|-0.230|-10.529|14.214|0.600|-12.054|11.616|-0.230|-11.334|0
4|188|11.616|-0.230|-11.334|14.214|0.600|-12.054|11.815|0.600|-12.342|0
4|189|11.616|-0.230|-11.334|11.815|0.600|-12.342|9.584|-0.230|-14.318|0
4|190|13.555|0.600|-12.893|16.094|0.600|-14.419|12.660|0.600|-17.333|0
4|191|11.732|0.600|-14.777|13.555|0.600|-12.893|12.660|0.600|-17.333|0
4|192|-2.926|-1.000|1.162|0.527|-1.000|-5.522|-5.277|-1.000|-5.279|0
4|193|20.960|-0.550|-7.782|23.533|-0.300|-9.441|19.152|-0.800|-9.148|0
4|194|22.419|-0.300|-6.080|20.960|-0.550|-7.782|18.535|-0.600|-5.713|0
4|203|14.828|-0.230|-2.951|16.802|-0.750|-4.333|15.994|-0.230|-7.460|0
4|0|18.535|-0.600|-5.713|20.960|-0.550|-7.782|19.152|-0.800|-9.148|0
4|195|18.535|-0.600|-5.713|16.908|-0.900|-8.977|16.802|-0.750|-4.333|0
4|196|18.535|-0.600|-5.713|19.152|-0.800|-9.148|16.908|-0.900|-8.977|0
4|197|16.802|-0.750|-4.333|16.908|-0.900|-8.977|15.994|-0.230|-7.460|0
4|198|15.994|-0.230|-7.460|16.908|-0.900|-8.977|14.644|-0.230|-10.529|0
