Mesh_SM_Bosspillar01_st13a1|0|0|-6.664|0.000|10.227|0.000|0.000|0.000|1.000|1.000|1.000
Mesh_SM_Bosspillar01_st13a1|0|1|0.263|0.000|10.227|0.000|0.000|0.000|1.000|1.000|1.000
Mesh_SM_Bosspillar02_st13a1|0|1|-6.632|0.000|10.227|0.000|1.571|0.000|1.000|1.000|1.000
Mesh_SM_Bosspillar02_st13a1|0|0|0.171|0.000|10.227|0.000|-1.571|0.000|1.000|1.000|1.000
Mesh_SM_FenceA_st07a1|0|0|6.279|0.000|10.273|0.000|1.571|0.000|1.000|1.000|1.000
Mesh_SM_TowerSenRS1Top_st07a1|0|0|1.843|0.000|3.391|0.000|0.000|0.000|1.000|1.000|1.000
Mesh_SM_FenceA_st07a1|0|1|10.276|0.000|10.273|0.000|1.571|0.000|1.000|1.000|1.000
Mesh_SM_TowerSenRS1Top_st07a1|0|1|10.811|0.000|3.391|0.000|0.000|0.000|1.000|1.000|1.000
Mesh_SM_FenceA_st07a1|1|2|11.048|0.000|9.610|0.000|0.000|0.000|1.000|1.000|1.000
Mesh_SM_FenceA_st07a1|1|3|11.048|0.000|5.613|0.000|0.000|0.000|1.000|1.000|1.000
Mesh_SM_FenceA_st07a1|1|4|10.811|0.000|0.703|0.000|0.000|0.000|1.000|1.000|1.000
Mesh_SM_FenceA_st07a1|1|5|10.811|0.000|-3.294|0.000|0.000|0.000|1.000|1.000|1.000
Mesh_SM_FenceA_st07a1|1|6|10.811|0.000|-8.074|0.000|0.000|0.000|1.000|1.000|1.000
Mesh_SM_FenceA_st07a1|1|7|10.811|0.000|-12.071|0.000|0.000|0.000|1.000|1.000|1.000
Mesh_SM_FenceA_st07a1|1|8|10.811|0.000|-16.951|0.000|0.000|0.000|1.000|1.000|1.000
Mesh_SM_FenceA_st07a1|1|9|10.811|0.000|-20.948|0.000|0.000|0.000|1.000|1.000|1.000
Mesh_SM_FenceA_st07a1|1|10|10.811|0.000|-25.828|0.000|0.000|0.000|1.000|1.000|1.000
Mesh_SM_FenceA_st07a1|1|11|10.851|-0.000|-27.325|0.000|0.000|0.000|1.000|1.000|1.000
Mesh_SM_TowerSenRS1Top_st07a1|1|2|4.201|0.000|1.198|0.000|1.571|0.000|1.000|1.000|1.000
Mesh_SM_TowerSenRS1Top_st07a1|1|3|4.201|0.000|-7.662|0.000|1.571|0.000|1.000|1.000|1.000
Mesh_SM_TowerSenRS1Top_st07a1|1|4|4.201|0.000|-16.504|0.000|1.571|0.000|1.000|1.000|1.000
Mesh_SM_TowerSenRS1Top_st07a1|1|5|4.201|0.000|-25.346|0.000|1.571|0.000|1.000|1.000|1.000
Mesh_SM_TowerSenRS1Top_st07a1|1|6|10.544|0.000|-25.107|0.000|3.142|0.000|1.000|1.000|1.000
Mesh_SM_TowerSenRS1Top_st07a1|1|7|1.744|0.000|-25.127|0.000|3.142|0.000|1.000|1.000|1.000
Mesh_SM_FenceA_st07a1|1|12|10.168|0.000|-31.348|0.000|1.571|0.000|1.000|1.000|1.000
Mesh_SM_FenceA_st07a1|1|13|6.169|0.000|-31.348|0.000|1.571|0.000|1.000|1.000|1.000
Mesh_SM_Bosspillar02_st13a1|1|2|-6.541|-0.030|-32.034|0.000|1.571|0.000|1.000|1.000|1.000
Mesh_SM_Bosspillar02_st13a1|1|3|0.263|-0.030|-32.034|0.000|-1.571|0.000|1.000|1.000|1.000
Mesh_SM_Bosspillar01_st13a1|1|2|0.303|0.000|-31.894|0.000|0.000|0.000|1.000|1.000|1.000
Mesh_SM_Bosspillar01_st13a1|1|3|-6.521|0.000|-31.914|0.000|0.000|0.000|1.000|1.000|1.000
Mesh_SM_TowerSenRS1Top_st07a1|1|8|-8.055|-0.000|-25.127|0.000|3.142|0.000|1.000|1.000|1.000
Mesh_SM_TowerSenRS1Top_st07a1|1|9|-16.897|0.000|-25.127|0.000|3.142|0.000|1.000|1.000|1.000
Mesh_SM_FenceA_st07a1|1|14|-8.523|0.000|-31.348|0.000|1.571|0.000|1.000|1.000|1.000
Mesh_SM_FenceA_st07a1|1|15|-12.520|0.000|-31.348|0.000|1.571|0.000|1.000|1.000|1.000
Mesh_SM_FenceA_st07a1|1|16|-17.136|0.000|-28.746|0.000|0.000|0.000|1.000|1.000|1.000
Mesh_SM_FenceA_st07a1|1|17|-17.096|0.000|-25.989|0.000|0.000|0.000|1.000|1.000|1.000
Mesh_SM_FenceA_st07a1|1|18|-17.096|-0.000|-21.098|0.000|0.000|0.000|1.000|1.000|1.000
Mesh_SM_FenceA_st07a1|1|19|-17.096|0.000|-17.092|0.000|0.000|0.000|1.000|1.000|1.000
Mesh_SM_FenceA_st07a1|1|20|-17.096|0.000|-12.212|0.000|0.000|0.000|1.000|1.000|1.000
Mesh_SM_FenceA_st07a1|1|21|-17.096|-0.000|-8.215|0.000|0.000|0.000|1.000|1.000|1.000
Mesh_SM_FenceA_st07a1|1|22|-17.096|-0.000|-3.335|0.000|0.000|0.000|1.000|1.000|1.000
Mesh_SM_FenceA_st07a1|1|23|-17.096|0.000|0.638|0.000|0.000|0.000|1.000|1.000|1.000
Mesh_SM_FenceA_st07a1|1|24|-17.096|0.000|5.518|0.000|0.000|0.000|1.000|1.000|1.000
Mesh_SM_FenceA_st07a1|1|25|-17.096|0.000|9.515|0.000|0.000|0.000|1.000|1.000|1.000
Mesh_SM_TowerSenRS1Top_st07a1|1|10|-10.403|0.000|-25.475|0.000|-1.571|0.000|1.000|1.000|1.000
Mesh_SM_TowerSenRS1Top_st07a1|1|11|-10.403|0.000|-16.633|0.000|-1.571|0.000|1.000|1.000|1.000
Mesh_SM_TowerSenRS1Top_st07a1|1|12|-10.403|0.000|1.069|0.000|-1.571|0.000|1.000|1.000|1.000
Mesh_SM_TowerSenRS1Top_st07a1|1|13|-16.660|0.000|3.164|0.000|0.000|0.000|1.000|1.000|1.000
Mesh_SM_TowerSenRS1Top_st07a1|1|14|-10.403|0.000|-7.791|0.000|-1.571|0.000|1.000|1.000|1.000
Mesh_SM_FenceA_st07a1|1|26|-12.355|0.000|10.273|0.000|1.571|0.000|1.000|1.000|1.000
Mesh_SM_FenceA_st07a1|1|27|-8.358|0.000|10.273|0.000|1.571|0.000|1.000|1.000|1.000
Mesh_SM_TowerSenRS1Top_st07a1|1|15|-7.947|0.000|3.133|0.000|0.000|0.000|1.000|1.000|1.000
Mesh_SM_MERGED_DuomoFloorD|0|0|-6.977|0.000|-0.932|0.000|0.000|0.000|1.000|1.000|1.000
Mesh_SM_MERGED_DuomoFloorD|0|1|-6.977|0.000|-12.937|0.000|0.000|0.000|1.000|1.000|1.000
Mesh_SM_MERGED_DuomoFloorD|0|2|-6.977|0.000|-24.911|0.000|0.000|0.000|1.000|1.000|1.000
Mesh_SM_MERGED_DuomoFloorD|0|3|-6.977|0.000|-36.693|0.000|0.000|0.000|1.000|1.000|1.000
Mesh_SM_MERGED_DuomoFloorA|0|0|0.966|0.000|4.986|0.000|0.000|0.000|1.300|1.300|1.300
Mesh_SM_MERGED_DuomoFloorA|0|1|-17.177|-0.000|4.986|0.000|0.000|0.000|1.300|1.300|1.300
Mesh_SM_MERGED_DuomoFloorA|0|2|-17.117|0.000|-5.410|0.000|0.000|0.000|1.300|1.300|1.300
Mesh_SM_MERGED_DuomoFloorA|0|3|0.966|0.000|-5.410|0.000|0.000|0.000|1.300|1.300|1.300
Mesh_SM_MERGED_DuomoFloorA|0|4|-17.117|0.000|-15.796|0.000|0.000|0.000|1.300|1.300|1.300
Mesh_SM_MERGED_DuomoFloorA|0|5|0.966|0.000|-15.796|0.000|0.000|0.000|1.300|1.300|1.300
Mesh_SM_MERGED_DuomoFloorA|0|6|-17.117|0.000|-26.194|0.000|0.000|0.000|1.300|1.300|1.300
Mesh_SM_MERGED_DuomoFloorA|0|7|0.966|0.000|-26.194|0.000|0.000|0.000|1.300|1.300|1.300
Mesh_SM_MERGED_DuomoFloorD|0|4|-6.977|0.000|-48.880|0.000|0.000|0.000|1.000|1.000|1.000
Mesh_SM_MERGED_DuomoFloorD|0|5|-6.977|0.000|-60.775|0.000|0.000|0.000|1.000|1.000|1.000
Mesh_SM_FenceA_st07a1|0|28|0.849|0.000|-32.706|0.000|0.000|0.000|1.000|1.000|1.000
Mesh_SM_FenceA_st07a1|0|29|0.856|0.000|-36.702|0.000|0.000|0.000|1.000|1.000|1.000
Mesh_SM_FenceA_st07a1|0|30|0.856|0.000|-40.699|0.000|0.000|0.000|1.000|1.000|1.000
Mesh_SM_FenceA_st07a1|0|31|0.856|0.000|-44.696|0.000|0.000|0.000|1.000|1.000|1.000
Mesh_SM_FenceA_st07a1|0|32|0.856|0.000|-48.693|0.000|0.000|0.000|1.000|1.000|1.000
Mesh_SM_FenceA_st07a1|0|33|0.856|0.000|-52.690|0.000|0.000|0.000|1.000|1.000|1.000
Mesh_SM_FenceA_st07a1|0|34|0.856|0.000|-56.687|0.000|0.000|0.000|1.000|1.000|1.000
Mesh_SM_FenceA_st07a1|0|35|-7.079|0.000|-32.895|0.000|0.000|0.000|1.000|1.000|1.000
Mesh_SM_FenceA_st07a1|0|36|-7.080|-0.000|-36.890|0.000|0.000|0.000|1.000|1.000|1.000
Mesh_SM_FenceA_st07a1|0|37|-7.080|0.000|-40.886|0.000|0.000|0.000|1.000|1.000|1.000
Mesh_SM_FenceA_st07a1|0|38|-7.080|0.000|-44.883|0.000|0.000|0.000|1.000|1.000|1.000
Mesh_SM_FenceA_st07a1|0|39|-7.080|0.000|-48.880|0.000|0.000|0.000|1.000|1.000|1.000
Mesh_SM_FenceA_st07a1|0|40|-7.080|0.000|-52.877|0.000|0.000|0.000|1.000|1.000|1.000
Mesh_SM_FenceA_st07a1|0|41|-7.080|0.000|-56.874|0.000|0.000|0.000|1.000|1.000|1.000
Mesh_SM_MERGED_PillerDuomoA|0|0|0.394|-1.000|-61.256|0.000|0.000|0.000|1.000|1.000|1.000
Mesh_SM_MERGED_PillerDuomoA|0|1|-6.756|-1.000|-61.256|0.000|0.000|0.000|1.000|1.000|1.000
Mesh_SM_Spdoor04c_st07a1|0|0|-3.137|0.000|-62.697|0.000|0.000|0.000|1.000|1.000|1.000
Mesh_SM_Wallmain|0|0|-7.236|9.000|-61.634|0.000|0.000|0.000|1.000|1.000|1.000
Mesh_SM_GirderA_st07a1_Two|0|0|0.455|31.800|-60.944|0.000|1.571|0.000|1.000|1.000|1.000
Mesh_SM_MERGED_WallC|0|0|9.058|-13.800|-60.064|0.000|-1.798|0.000|1.400|1.400|1.400
Mesh_SM_MERGED_WallC|0|1|-7.201|-12.000|-61.518|0.000|-1.361|0.000|1.400|1.400|1.400
Mesh_SM_Wallmain|0|1|0.258|9.700|-62.164|0.000|-0.279|0.000|1.000|1.000|1.000
Mesh_SM_Wallmain|0|2|-15.618|9.700|-60.542|0.000|0.192|0.000|1.000|1.000|1.000
Mesh_SM_MERGED_WallC|0|2|-16.504|-12.000|-59.759|0.000|-0.279|0.000|1.400|1.400|1.400
Mesh_SM_MERGED_WallC|0|3|11.086|-13.800|-52.066|0.000|-2.967|0.000|1.400|1.400|1.400
Mesh_SM_GirderA_st07a1_Two|0|1|-14.560|31.800|-58.471|0.000|2.618|0.000|1.000|1.000|1.000
Mesh_SM_GirderA_st07a1_Two|0|2|11.164|31.800|-51.072|0.000|0.524|0.000|1.000|1.000|1.000
Mesh_SM_Wallmain|0|3|-19.921|9.700|-52.367|0.000|1.117|0.000|1.000|1.000|1.000
Mesh_SM_Wallmain|0|4|8.949|9.700|-59.371|0.000|-1.117|0.000|1.000|1.000|1.000
Mesh_SM_MERGED_PillerDuomoA|0|2|9.380|-9.000|-60.379|0.000|0.000|0.000|1.000|1.000|1.000
Mesh_SM_MERGED_PillerDuomoA|0|3|-16.391|-9.000|-60.193|0.000|0.000|0.000|1.000|1.000|1.000
Mesh_SM_MERGED_WallA|0|0|-18.905|8.200|-44.772|0.000|0.000|0.000|1.000|1.000|1.000
Mesh_SM_MERGED_WallA|0|1|12.264|8.200|-51.120|0.000|3.142|0.000|1.000|1.000|1.000
Mesh_SM_MERGED_PillerDuomoA|0|4|-17.905|-2.100|-51.521|0.000|0.000|0.000|1.000|1.000|1.000
Mesh_SM_MERGED_PillerDuomoA|0|5|11.864|-2.100|-51.763|0.000|0.000|0.000|1.000|1.000|1.000
Mesh_SM_MERGED_PillerDuomoA|0|6|-17.805|-2.100|-44.233|0.000|0.000|0.000|1.000|1.000|1.000
Mesh_SM_MERGED_PillerDuomoA|0|7|11.399|-2.100|-44.296|0.000|0.000|0.000|1.000|1.000|1.000
Mesh_SM_GirderA_st07a1|0|0|-18.685|31.800|-43.334|0.000|3.142|0.000|1.000|1.000|1.000
Mesh_SM_GirderA_st07a1|0|1|11.950|31.800|-44.134|0.000|0.000|0.000|1.000|1.000|1.000
Mesh_SM_RoofB_st07a1|0|0|-2.474|31.800|-48.181|0.000|0.803|0.000|1.000|1.000|1.000
Mesh_SM_RoofB_st07a1|0|1|-2.915|31.800|-48.555|0.000|1.379|-0.052|1.000|1.000|1.000
Mesh_SM_RoofB_st07a1|0|2|-3.693|31.800|-47.959|0.000|1.920|0.000|1.000|0.900|1.000
Mesh_SM_RoofB_st07a1|0|3|-3.945|31.800|-47.687|0.000|2.513|0.000|1.000|1.000|1.000
Mesh_SM_RoofB_st07a1|0|4|-3.762|31.800|-47.917|0.000|-3.124|0.000|1.000|1.000|1.000
Mesh_SM_MERGED_WallA|0|2|12.364|8.200|-44.299|0.000|3.718|0.000|1.000|1.000|1.000
Mesh_SM_MERGED_WallA|0|3|-22.123|8.200|-38.903|0.000|-0.506|0.000|1.000|1.000|1.000
Mesh_SM_RoofA_st07a1|0|0|-19.259|31.400|-51.381|0.000|0.000|0.000|1.000|1.000|1.000
Mesh_SM_RoofA_st07a1|0|1|11.593|31.700|-43.223|0.000|3.142|0.000|1.000|1.000|1.000
Mesh_SM_WallA_st07a1|0|0|11.394|17.700|-43.365|0.000|1.571|0.000|1.300|1.300|1.300
Mesh_SM_WallA_st07a1|0|1|-20.244|17.700|-43.416|0.000|1.571|0.000|1.300|1.300|1.300
Mesh_SM_MERGED_WallA|0|4|17.096|7.500|-38.659|0.000|3.718|0.000|1.000|1.000|1.000
Mesh_SM_MERGED_WallA|0|5|19.799|7.500|-31.746|0.000|3.299|0.000|1.000|1.000|1.000
Mesh_SM_MERGED_WallA|0|6|20.856|7.500|-24.647|0.000|3.281|0.000|1.000|1.000|1.000
Mesh_SM_MERGED_WallA|0|7|22.121|7.500|-17.477|0.000|3.142|0.000|1.000|1.000|1.000
Mesh_SM_MERGED_WallA|0|8|-26.343|7.500|-32.590|0.000|-0.506|0.000|1.000|1.000|1.000
Mesh_SM_MERGED_WallA|0|9|-27.553|7.500|-24.887|0.000|-0.157|0.000|1.000|1.000|1.000
Mesh_SM_MERGED_WallA|0|10|-28.053|7.500|-17.476|0.000|-0.105|0.000|1.000|1.000|1.000
Mesh_SM_MERGED_WallA|0|11|-28.606|7.500|-10.142|0.000|0.000|0.000|1.000|1.000|1.000
Mesh_SM_MERGED_PillerDuomoA|0|8|15.493|-2.300|-38.260|0.000|0.000|0.000|1.000|1.000|1.000
Mesh_SM_MERGED_PillerDuomoA|0|9|19.320|-2.300|-32.339|0.000|0.000|0.000|1.000|1.000|1.000
Mesh_SM_MERGED_PillerDuomoA|0|10|19.648|-2.300|-24.978|0.000|0.000|0.000|1.000|1.000|1.000
Mesh_SM_MERGED_PillerDuomoA|0|11|20.405|-2.300|-17.838|0.000|0.000|0.000|1.000|1.000|1.000
Mesh_SM_MERGED_PillerDuomoA|0|12|20.856|-2.300|-10.677|0.000|0.000|0.000|1.000|1.000|1.000
Mesh_SM_MERGED_PillerDuomoA|0|13|21.343|-2.300|3.907|0.000|0.000|0.000|1.000|1.000|1.000
Mesh_SM_MERGED_PillerDuomoA|0|14|19.651|-2.300|11.081|0.000|0.000|0.000|1.000|1.000|1.000
Mesh_SM_MERGED_WallA|0|12|22.321|7.500|-10.130|0.000|3.142|0.000|1.000|1.000|1.000
Mesh_SM_MERGED_WallA|0|13|22.421|7.500|-2.861|0.000|3.142|0.000|1.000|1.000|1.000
Mesh_SM_MERGED_WallA|0|14|22.112|7.500|4.649|0.000|2.897|0.000|1.000|1.000|1.000
Mesh_SM_MERGED_PillerDuomoA|0|15|21.054|-2.300|-3.504|0.000|0.000|0.000|1.000|1.000|1.000
Mesh_SM_MERGED_WallA|0|15|20.039|7.500|12.253|0.000|2.443|0.000|1.000|1.000|1.000
Mesh_SM_MERGED_WallA|0|16|14.186|7.500|16.885|0.000|1.920|0.000|1.000|1.000|1.000
Mesh_SM_MERGED_PillerDuomoA|0|16|14.660|-2.300|16.159|0.000|0.000|0.000|1.000|1.000|1.000
Mesh_SM_MERGED_PillerDuomoA|0|17|7.418|-2.300|17.673|0.000|0.000|0.000|1.000|1.000|1.000
Mesh_SM_MERGED_PillerDuomoA|0|18|-13.485|-2.300|19.384|0.000|0.000|0.000|1.000|1.000|1.000
Mesh_SM_MERGED_PillerDuomoA|0|19|-22.112|-2.300|-38.009|0.000|0.000|0.000|1.000|1.000|1.000
Mesh_SM_MERGED_PillerDuomoA|0|20|-25.447|-2.300|-31.385|0.000|0.000|0.000|1.000|1.000|1.000
Mesh_SM_MERGED_PillerDuomoA|0|21|-26.265|-2.300|-24.111|0.000|0.000|0.000|1.000|1.000|1.000
Mesh_SM_MERGED_PillerDuomoA|0|22|-26.879|-2.300|-16.651|0.000|0.000|0.000|1.000|1.000|1.000
Mesh_SM_MERGED_PillerDuomoA|0|23|-27.239|-2.300|-9.573|0.000|0.000|0.000|1.000|1.000|1.000
Mesh_SM_MERGED_PillerDuomoA|0|24|-26.422|-2.300|4.710|0.000|0.000|0.000|1.000|1.000|1.000
Mesh_SM_MERGED_WallA|0|17|-28.816|7.500|-2.964|0.000|0.000|0.000|1.000|1.000|1.000
Mesh_SM_MERGED_WallA|0|18|-27.685|7.500|4.244|0.000|0.105|0.000|1.000|1.000|1.000
Mesh_SM_MERGED_PillerDuomoA|0|25|-27.185|-2.300|-2.438|0.000|0.000|0.000|1.000|1.000|1.000
Mesh_SM_MERGED_WallA|0|19|-26.203|7.500|11.323|0.000|0.314|0.000|1.000|1.000|1.000
Mesh_SM_MERGED_WallA|0|20|-21.497|7.500|17.399|0.000|0.803|0.000|1.000|1.000|1.000
Mesh_SM_MERGED_WallA|0|21|-14.491|7.500|20.649|0.000|1.257|0.000|1.000|1.000|1.000
Mesh_SM_MERGED_PillerDuomoA|0|26|-25.097|-2.300|11.689|0.000|0.000|0.000|1.000|1.000|1.000
Mesh_SM_MERGED_PillerDuomoA|0|27|-20.337|-2.300|17.216|0.000|0.000|0.000|1.000|1.000|1.000
Mesh_SM_MERGED_PillerDuomoA|0|30|-6.432|-2.300|19.957|0.000|0.000|0.000|1.000|1.000|1.000
Mesh_SM_MERGED_WallA|0|22|-7.031|7.500|21.005|0.000|1.571|0.000|1.000|1.000|1.000
Mesh_SM_MERGED_WallA|0|23|0.217|7.500|21.358|0.000|1.571|0.000|1.000|1.000|1.000
Mesh_SM_MERGED_PillerDuomoA|0|28|0.708|-2.300|19.747|0.000|0.000|0.000|1.000|1.000|1.000
Mesh_SM_MERGED_WallA|0|24|7.310|7.500|19.386|0.000|1.780|0.000|1.000|1.000|1.000
Mesh_SM_GirderA_st07a1|0|2|-22.465|30.700|-37.672|0.000|2.461|0.000|1.000|1.000|1.000
Mesh_SM_GirderA_st07a1|0|3|-25.475|30.700|-30.983|0.000|2.653|0.000|1.000|1.000|1.000
Mesh_SM_GirderA_st07a1|0|4|-26.861|30.700|-23.669|0.000|2.810|0.000|1.000|1.000|1.000
Mesh_SM_GirderA_st07a1|0|5|-27.865|30.700|-16.191|0.000|3.002|0.000|1.000|1.000|1.000
Mesh_SM_GirderA_st07a1|0|6|-27.865|30.700|-9.292|0.000|3.159|0.000|1.000|1.000|1.000
Mesh_SM_GirderA_st07a1|0|7|-27.618|30.700|-2.065|0.000|3.386|0.000|1.000|1.000|1.000
Mesh_SM_GirderA_st07a1|0|8|-27.318|30.700|5.105|0.000|3.526|0.000|1.000|1.000|1.000
Mesh_SM_GirderA_st07a1|0|9|-26.305|30.700|12.469|0.000|3.700|0.000|1.000|1.000|1.000
Mesh_SM_GirderA_st07a1|0|10|-20.679|30.700|18.420|0.000|4.119|0.000|1.000|1.000|1.000
Mesh_SM_GirderA_st07a1|0|11|-12.992|30.700|20.756|0.000|4.485|0.000|1.000|1.000|1.000
Mesh_SM_GirderA_st07a1|0|12|-6.039|30.700|20.756|0.000|4.712|0.000|1.000|1.000|1.000
Mesh_SM_GirderA_st07a1|0|13|1.453|30.700|20.179|0.000|4.852|0.000|1.000|1.000|1.000
Mesh_SM_GirderA_st07a1|0|14|8.474|30.700|18.787|0.000|5.044|0.000|1.000|1.000|1.000
Mesh_SM_GirderA_st07a1|0|15|14.161|30.700|15.254|0.000|5.288|0.000|1.000|1.000|1.000
Mesh_SM_GirderA_st07a1|0|16|20.204|30.700|10.155|0.000|-0.698|0.000|1.000|1.000|1.000
Mesh_SM_GirderA_st07a1|0|17|22.440|30.700|3.671|0.000|-0.314|0.000|1.000|1.000|1.000
Mesh_SM_GirderA_st07a1|0|18|22.656|30.700|-4.052|0.000|-0.192|0.000|1.000|1.000|1.000
Mesh_SM_GirderA_st07a1|0|19|22.283|30.700|-11.248|0.000|-0.017|0.000|1.000|1.000|1.000
Mesh_SM_GirderA_st07a1|0|20|21.414|30.700|-18.323|0.000|0.070|0.000|1.000|1.000|1.000
Mesh_SM_GirderA_st07a1|0|21|20.937|30.700|-25.325|0.000|0.192|0.000|1.000|1.000|1.000
Mesh_SM_GirderA_st07a1|0|22|20.573|30.700|-32.980|0.000|0.349|0.000|1.000|1.000|1.000
Mesh_SM_GirderA_st07a1|0|23|16.945|30.700|-39.567|0.000|0.559|0.000|1.000|1.000|1.000
Mesh_SM_WallA_st07a1|0|2|-23.311|16.700|-38.637|0.000|1.030|0.000|1.000|1.000|1.000
Mesh_SM_WallA_st07a1|0|3|-25.774|16.700|-31.953|0.000|1.065|0.000|1.100|1.100|1.100
Mesh_SM_WallA_st07a1|0|4|-28.104|16.700|-24.243|0.000|1.309|0.000|1.100|1.100|1.100
Mesh_SM_WallA_st07a1|0|5|-29.174|17.300|-16.887|0.000|1.379|0.000|1.100|1.100|1.100
Mesh_SM_WallA_st07a1|0|6|-28.650|16.700|-9.769|0.000|1.571|0.000|1.000|1.000|1.000
Mesh_SM_WallA_st07a1|0|7|-29.328|16.700|-2.485|0.000|1.571|0.000|1.100|1.100|1.100
Mesh_SM_WallA_st07a1|0|8|-28.159|16.700|4.421|0.000|1.571|0.000|1.000|1.000|1.000
Mesh_SM_WallA_st07a1|0|9|-26.666|16.700|11.536|0.000|1.745|0.000|1.000|1.000|1.000
Mesh_SM_WallA_st07a1|0|10|-21.339|16.700|17.691|0.000|2.269|0.000|1.100|1.100|1.100
Mesh_SM_WallA_st07a1|0|11|-20.360|16.700|17.656|0.000|-0.297|0.000|1.100|1.100|1.100
Mesh_SM_WallA_st07a1|0|12|-13.198|16.700|20.735|0.000|0.000|0.000|1.000|1.000|1.000
Mesh_SM_WallA_st07a1|0|13|-6.233|16.700|20.321|0.000|0.087|0.000|1.100|1.100|1.100
Mesh_SM_WallA_st07a1|0|14|1.214|16.700|20.269|0.000|0.314|0.000|1.100|1.100|1.100
Mesh_SM_WallA_st07a1|0|15|8.019|16.700|18.387|0.000|0.489|0.000|1.000|1.000|1.000
Mesh_SM_WallA_st07a1|0|16|14.030|16.700|15.310|0.000|0.803|0.000|1.100|1.100|1.100
Mesh_SM_WallA_st07a1|0|17|20.666|16.700|10.998|0.000|1.396|0.000|1.100|1.100|1.100
Mesh_SM_WallA_st07a1|0|18|21.388|16.700|3.471|0.000|1.571|0.000|1.100|1.100|1.100
Mesh_SM_WallA_st07a1|0|19|21.898|16.700|-4.027|0.000|1.571|0.000|1.000|1.000|1.000
Mesh_SM_WallA_st07a1|0|20|21.648|16.700|-11.242|0.000|1.571|0.000|1.000|1.000|1.000
Mesh_SM_WallA_st07a1|0|21|21.293|16.700|-18.170|0.000|1.641|0.000|1.000|1.000|1.000
Mesh_SM_WallA_st07a1|0|22|19.953|16.700|-25.125|0.000|1.728|0.000|1.100|1.100|1.100
Mesh_SM_WallA_st07a1|0|23|19.187|16.700|-32.456|0.000|2.007|0.000|1.000|1.000|1.000
Mesh_SM_WallA_st07a1|0|24|16.366|16.700|-39.105|0.000|2.356|0.000|1.000|1.000|1.000
Mesh_Mesh_SM_Bossceiling01_st13a1_One|2|0|-2.809|-7.700|-7.243|0.000|0.000|0.000|1.000|1.000|1.000
Mesh_SM_RoofA_st07a1|2|2|-3.620|27.000|-44.186|0.000|0.000|0.000|1.000|1.000|1.000
Mesh_SM_RoofA_st07a1|2|3|-3.504|27.000|-36.138|0.000|3.142|0.000|1.000|1.000|1.000
Mesh_SM_RoofB_st07a1|2|5|-27.677|26.000|-27.757|0.000|1.187|0.000|1.000|1.000|1.000
Mesh_SM_RoofB_st07a1|2|6|6.324|26.000|-38.065|0.000|0.000|0.000|1.000|1.000|1.000
Mesh_SM_MERGED_WallA|0|25|14.454|-12.000|-44.656|0.000|0.000|0.000|1.100|1.100|1.100
Mesh_SM_MERGED_PillerDuomoA|0|29|11.189|-22.000|-44.487|0.000|0.000|0.000|1.000|1.000|1.000
Mesh_SM_MERGED_PillerDuomoA|0|31|15.493|-22.000|-38.260|0.000|0.000|0.000|1.000|1.000|1.000
Mesh_SM_MERGED_PillerDuomoA|0|32|19.320|-22.000|-32.339|0.000|0.000|0.000|1.000|1.000|1.000
Mesh_SM_MERGED_PillerDuomoA|0|33|19.648|-22.000|-24.978|0.000|0.000|0.000|1.000|1.000|1.000
Mesh_SM_MERGED_PillerDuomoA|0|34|20.405|-22.000|-17.838|0.000|0.000|0.000|1.000|1.000|1.000
Mesh_SM_MERGED_PillerDuomoA|0|35|20.856|-22.000|-10.677|0.000|0.000|0.000|1.000|1.000|1.000
Mesh_SM_MERGED_PillerDuomoA|0|36|21.054|-22.000|-3.504|0.000|0.000|0.000|1.000|1.000|1.000
Mesh_SM_MERGED_PillerDuomoA|0|37|21.343|-22.000|3.907|0.000|0.000|0.000|1.000|1.000|1.000
Mesh_SM_MERGED_PillerDuomoA|0|38|19.651|-22.000|11.081|0.000|0.000|0.000|1.000|1.000|1.000
Mesh_SM_MERGED_PillerDuomoA|0|39|14.660|-22.000|16.159|0.000|0.000|0.000|1.000|1.000|1.000
Mesh_SM_MERGED_PillerDuomoA|0|40|7.418|-22.000|17.673|0.000|0.000|0.000|1.000|1.000|1.000
Mesh_SM_MERGED_PillerDuomoA|0|41|0.708|-22.000|19.747|0.000|0.000|0.000|1.000|1.000|1.000
Mesh_SM_MERGED_PillerDuomoA|0|42|-6.432|-22.000|19.957|0.000|0.000|0.000|1.000|1.000|1.000
Mesh_SM_MERGED_PillerDuomoA|0|43|-20.337|-22.000|17.216|0.000|0.000|0.000|1.000|1.000|1.000
Mesh_SM_MERGED_PillerDuomoA|0|44|-26.422|-22.000|4.710|0.000|0.000|0.000|1.000|1.000|1.000
Mesh_SM_MERGED_PillerDuomoA|0|45|-27.185|-22.000|-2.438|0.000|0.000|0.000|1.000|1.000|1.000
Mesh_SM_MERGED_PillerDuomoA|0|46|-27.239|-22.000|-9.537|0.000|0.000|0.000|1.000|1.000|1.000
Mesh_SM_MERGED_PillerDuomoA|0|47|-26.879|-22.000|-16.651|0.000|0.000|0.000|1.000|1.000|1.000
Mesh_SM_MERGED_PillerDuomoA|0|48|-26.265|-22.000|-24.111|0.000|0.000|0.000|1.000|1.000|1.000
Mesh_SM_MERGED_PillerDuomoA|0|49|-25.447|-22.000|-31.385|0.000|0.000|0.000|1.000|1.000|1.000
Mesh_SM_MERGED_PillerDuomoA|0|50|-22.112|-22.000|-38.009|0.000|0.000|0.000|1.000|1.000|1.000
Mesh_SM_MERGED_PillerDuomoA|0|51|-17.805|-22.000|-44.233|0.000|0.000|0.000|1.000|1.000|1.000
Mesh_SM_MERGED_PillerDuomoA|0|52|-17.905|-22.000|-51.521|0.000|0.000|0.000|1.000|1.000|1.000
Mesh_SM_MERGED_PillerDuomoA|0|53|-25.097|-22.000|11.689|0.000|0.000|0.000|1.000|1.000|1.000
Mesh_SM_MERGED_PillerDuomoA|0|54|-13.485|-22.000|19.384|0.000|0.000|0.000|1.000|1.000|1.000
Mesh_SM_MERGED_PillerDuomoA|0|55|11.059|-22.000|-51.731|0.000|0.000|0.000|1.000|1.000|1.000
Mesh_SM_MERGED_WallA|0|26|16.226|-12.000|-38.751|0.000|0.000|0.000|1.000|1.000|1.000
Mesh_SM_MERGED_WallA|0|27|20.055|-12.000|-32.984|0.000|0.506|0.000|1.000|1.000|1.000
Mesh_SM_MERGED_WallA|0|28|21.418|-12.000|-25.645|0.000|0.000|0.000|1.000|1.000|1.000
Mesh_SM_MERGED_WallA|0|29|21.528|-12.000|-18.266|0.000|0.000|0.000|1.000|1.000|1.000
Mesh_SM_MERGED_WallA|0|30|22.297|-12.000|-11.125|0.000|0.000|0.000|1.000|1.000|1.000
Mesh_SM_MERGED_WallA|0|31|23.041|-12.000|-4.150|0.000|0.000|0.000|1.000|1.000|1.000
Mesh_SM_MERGED_WallA|0|32|23.610|-12.000|3.142|0.000|0.000|0.000|1.000|1.000|1.000
Mesh_SM_MERGED_WallA|0|33|22.127|-12.000|11.116|0.000|-0.279|0.000|1.000|1.000|1.000
Mesh_SM_MERGED_WallA|0|34|16.301|-12.000|17.075|0.000|-0.873|0.000|1.000|1.000|1.000
Mesh_SM_MERGED_WallA|0|35|8.836|-12.000|20.117|0.000|-1.204|0.000|1.000|1.000|1.000
Mesh_SM_MERGED_WallA|0|36|1.453|-12.000|21.642|0.000|-1.396|0.000|1.000|1.000|1.000
Mesh_SM_MERGED_WallA|0|37|-5.805|-12.000|22.875|0.000|-1.518|0.000|1.000|1.000|1.000
Mesh_SM_MERGED_WallA|0|38|-12.960|-12.000|22.599|0.000|-1.518|0.000|1.000|1.000|1.000
Mesh_SM_MERGED_WallA|0|39|-20.771|-12.000|20.464|0.000|-1.780|0.000|1.000|1.000|1.000
Mesh_SM_MERGED_WallA|0|40|-21.468|-12.000|17.588|0.000|0.820|0.000|1.000|1.000|1.000
Mesh_SM_MERGED_WallA|0|41|-26.120|-12.000|11.592|0.000|0.105|0.000|1.000|1.000|1.000
Mesh_SM_MERGED_WallA|0|42|-27.020|-12.000|4.033|0.000|0.262|0.000|1.000|1.000|1.000
Mesh_SM_MERGED_WallA|0|43|-28.683|-12.000|-2.752|0.000|0.000|0.000|1.000|1.000|1.000
Mesh_SM_MERGED_WallA|0|44|-28.320|-12.000|-10.090|0.000|0.000|0.000|1.000|1.000|1.000
Mesh_SM_MERGED_WallA|0|45|-28.048|-12.000|-17.381|0.000|0.000|0.000|1.000|1.000|1.000
Mesh_SM_MERGED_WallA|0|46|-26.815|-12.000|-24.670|0.000|0.000|0.000|1.000|1.000|1.000
Mesh_SM_MERGED_WallA|0|47|-25.843|-12.000|-32.333|0.000|-0.436|0.000|1.000|1.000|1.000
Mesh_SM_MERGED_WallA|0|48|-22.108|-12.000|-38.875|0.000|-0.541|0.000|1.000|1.000|1.000
Mesh_SM_MERGED_WallA|0|49|-18.914|-12.000|-44.758|0.000|0.000|0.000|1.000|1.000|1.000
Mesh_TowerFloorS_One|0|0|-3.137|0.000|-89.546|0.000|0.785|0.000|1.000|1.000|1.000
Mesh_SM_MERGED_DuomoFloorA|0|8|-7.094|0.000|-64.737|0.000|0.000|0.000|1.000|1.000|1.000
Mesh_SM_MERGED_DuomoFloorA|0|9|-7.094|0.000|-72.728|0.000|0.000|0.000|1.000|1.000|1.000
Mesh_SM_FenceA_st07a1|0|42|0.606|-0.000|-63.295|0.000|0.000|0.000|1.000|1.000|1.000
Mesh_SM_FenceA_st07a1|0|43|0.606|-0.000|-67.290|0.000|0.000|0.000|1.000|1.000|1.000
Mesh_SM_FenceA_st07a1|0|44|0.606|0.000|-71.287|0.000|0.000|0.000|1.000|1.000|1.000
Mesh_SM_FenceA_st07a1|0|45|-6.907|0.000|-63.279|0.000|0.000|0.000|1.000|1.000|1.000
Mesh_SM_FenceA_st07a1|0|46|-6.907|0.000|-67.270|0.000|0.000|0.000|1.000|1.000|1.000
Mesh_SM_FenceA_st07a1|0|47|-6.907|0.000|-71.267|0.000|0.000|0.000|1.000|1.000|1.000
Mesh_SM_MERGED_DuomoFloorA|0|10|-7.165|0.000|-110.001|0.000|0.000|0.000|1.000|1.000|1.000
Mesh_SM_MERGED_DuomoFloorA|0|11|-7.165|0.000|-117.824|0.000|0.000|0.000|1.000|1.000|1.000
Mesh_SM_RoofA_st07a1|0|4|-7.065|9.500|-105.178|0.000|1.571|0.000|1.000|1.000|1.000
Mesh_SM_WallC_st07a1|0|0|0.537|0.000|-103.904|0.000|1.571|0.000|1.000|1.000|1.000
Mesh_SM_WallC_st07a1|0|1|0.537|0.000|-109.900|0.000|1.571|0.000|1.000|1.000|1.000
Mesh_SM_WallC_st07a1|0|2|0.537|0.000|-115.900|0.000|1.571|0.000|1.000|1.000|1.000
Mesh_SM_WallC_st07a1|0|3|-6.508|0.000|-109.904|0.000|-1.571|0.000|1.000|1.000|1.000
Mesh_SM_WallC_st07a1|0|4|-6.557|0.000|-115.868|0.000|-1.571|0.000|1.000|1.000|1.000
Mesh_SM_WallC_st07a1|0|5|-6.757|0.000|-121.744|0.000|-1.571|0.000|1.000|1.000|1.000
Mesh_SM_MERGED_DuomoFloorA|0|12|-7.157|0.000|-102.000|0.000|0.000|0.000|1.000|1.000|1.000
Mesh_SM_WallC_st07a1|0|6|0.646|6.200|-105.818|0.000|0.000|1.571|1.000|1.000|1.000
Mesh_SM_Wall_BossDoor|0|0|-7.667|-0.100|-122.223|0.000|0.000|0.000|0.800|0.650|0.800
Mesh_SM_TowerFloorLCenter_st07a1|0|0|-3.499|0.000|-128.389|0.000|0.000|0.000|1.500|1.500|1.500
Mesh_SM_TowerFloorLCenter_st07a1|0|1|35.405|0.000|-127.989|0.000|0.000|0.000|1.000|1.000|1.000
Mesh_DuomoFloorA|0|0|3.590|-0.100|-130.564|0.000|0.000|0.000|1.000|1.000|1.000
Mesh_DuomoFloorA|0|1|7.518|-0.100|-130.564|0.000|0.000|0.000|1.000|1.000|1.000
Mesh_DuomoFloorA|0|2|11.446|-0.100|-130.564|0.000|0.000|0.000|1.000|1.000|1.000
Mesh_DuomoFloorA|0|3|15.374|-0.100|-130.564|0.000|0.000|0.000|1.000|1.000|1.000
Mesh_DuomoFloorA|0|4|19.302|-0.100|-130.564|0.000|0.000|0.000|1.000|1.000|1.000
Mesh_DuomoFloorA|0|5|23.230|-0.100|-130.564|0.000|0.000|0.000|1.000|1.000|1.000
Mesh_DuomoFloorA|0|6|27.158|-0.100|-130.564|0.000|0.000|0.000|1.000|1.000|1.000
Mesh_SM_StairS_st07a1|0|0|37.527|-1.720|-118.953|0.000|3.142|0.000|1.000|1.000|1.000
Mesh_SM_StairS_st07a1|0|1|37.547|-3.710|-113.958|0.000|3.142|0.000|1.000|1.000|1.000
Mesh_DuomoFloorA|0|7|33.549|-3.720|-113.977|0.000|0.000|0.000|1.000|1.000|1.000
Mesh_DuomoFloorA|0|8|33.549|-3.720|-109.988|0.000|0.000|0.000|1.000|1.000|1.000
Mesh_DuomoFloorA|0|9|33.549|-3.720|-106.060|0.000|0.000|0.000|1.000|1.000|1.000
Mesh_Room_2Strage|0|0|35.243|-4.000|-87.545|0.000|0.768|0.000|1.000|1.000|1.000
Mesh_DuomoFloorA|1|10|33.549|-3.720|-72.870|0.000|0.000|0.000|1.000|1.000|1.000
Mesh_DuomoFloorA|1|11|33.549|-3.720|-68.942|0.000|0.000|0.000|1.000|1.000|1.000
Mesh_DuomoFloorA|1|12|33.549|-3.720|-65.014|0.000|0.000|0.000|1.000|1.000|1.000
Mesh_SM_TowerFloorLCenter_st07a1|1|2|35.999|-3.600|-56.597|0.000|0.000|0.000|1.000|1.000|1.000
Mesh_DuomoFloorA|1|13|37.832|-3.720|-52.102|0.000|0.750|0.000|1.000|1.000|1.000
Mesh_SM_StairS_st07a1|1|2|46.942|-5.720|-48.447|0.000|-2.391|0.000|1.000|1.000|1.000
Mesh_DuomoFloorA|1|14|43.933|-5.620|-45.708|0.000|0.750|0.000|1.000|1.000|1.000
Mesh_SM_TowerFloorLCenter_st07a1|1|3|51.021|-5.520|-40.880|0.000|0.000|0.000|1.000|1.000|1.000
Mesh_DuomoFloorA|0|15|49.351|-5.600|-36.455|0.000|0.000|0.000|1.000|1.000|1.000
Mesh_SM_StairS_st07a1|0|3|53.388|-7.600|-27.520|0.000|3.142|0.000|1.000|1.000|1.000
Mesh_DuomoFloorA|0|16|49.368|-7.500|-27.533|0.000|0.000|0.000|1.000|1.000|1.000
Mesh_DuomoFloorA|0|17|49.368|-7.500|-23.605|0.000|0.000|0.000|1.000|1.000|1.000
Mesh_DuomoFloorA|0|18|49.368|-7.500|-19.677|0.000|0.000|0.000|1.000|1.000|1.000
Mesh_SM_StairS_st07a1|0|4|53.388|-9.500|-10.773|0.000|3.142|0.000|1.000|1.000|1.000
Mesh_SM_StairS_st07a1|0|5|53.288|-11.500|-5.891|0.000|3.142|0.000|1.000|1.000|1.000
Mesh_SM_StairS_st07a1|0|6|53.388|-13.400|-0.891|0.000|3.142|0.000|1.000|1.000|1.000
Mesh_SM_TowerFloorLCenter_st07a1|1|4|51.123|-13.500|3.105|0.000|0.000|0.000|1.000|1.000|1.000
Mesh_SM_ArchS_st07a1|1|0|35.592|-2.000|-61.311|0.000|0.000|0.000|1.000|1.000|1.000
Mesh_SM_ArchS_st07a1|1|1|40.182|-1.500|-52.643|0.000|0.000|0.000|1.000|1.000|1.000
Mesh_SM_ArchS_st07a1|1|2|47.717|-3.700|-44.437|0.000|0.750|0.000|1.000|1.000|1.000
Mesh_SM_ArchS_st07a1|1|3|51.306|-3.700|-36.060|0.000|0.035|0.000|1.000|1.000|1.000
Mesh_SM_ArchS_st07a1|1|4|51.371|-12.600|-1.883|0.000|0.000|0.000|1.000|1.000|1.000
