Mesh_SM_MERGED_SplineGaia891|0|0|25.948|0.800|-12.686|0.000|0.000|0.000|1.000|1.000|1.000
Mesh_SM_Snowpack02_st09a1|0|0|25.162|0.000|-10.394|0.559|-0.541|0.000|1.000|1.000|1.000
Mesh_SM_Snowpack03_st09a1|0|0|27.835|-0.100|-10.770|0.000|0.000|0.000|1.000|1.000|1.000
Mesh_SM_Snowpack03_st09a1|0|1|24.886|1.100|-12.853|0.524|0.000|0.000|2.000|2.000|2.000
Mesh_SM_Snowpack03_st09a1|0|3|24.797|15.200|-21.524|-0.349|0.000|-0.873|2.000|3.000|3.000
Mesh_SM_Snowpack02_st09a1|0|1|16.468|3.100|-19.657|0.175|2.339|-1.553|1.500|1.500|1.500
Mesh_SM_Snowpack02_st09a1|0|2|21.827|0.000|-13.449|0.471|-0.855|-0.384|1.500|1.500|1.500
Mesh_SM_Snowpack02_st09a1|0|3|18.840|-0.000|-16.727|0.262|-0.401|0.471|2.000|2.000|2.000
Mesh_SM_MERGED_SplineGaia319|0|0|24.739|0.000|-3.944|0.000|0.000|0.000|1.000|1.000|1.000
Mesh_SM_MERGED_SplineGaia199|0|0|21.988|0.000|1.021|0.000|1.745|0.000|1.000|1.000|1.000
Mesh_SM_GroundBase02_st09a1|0|3|18.574|-0.700|-5.720|-0.017|-0.925|0.052|1.000|1.000|1.000
Mesh_SM_GroundBase02_st09a1|0|0|9.469|-1.100|-12.778|0.000|1.990|0.000|1.000|1.000|1.000
Mesh_SM_GroundBase02_st09a1|0|4|3.958|-1.600|-20.229|0.000|0.209|0.122|1.000|1.000|1.000
Mesh_SM_GroundBase02_st09a1|0|5|4.609|-0.900|-3.141|0.000|-4.782|0.000|1.000|1.000|1.000
Mesh_SM_GroundBase02_st09a1|0|1|9.523|-0.700|5.078|0.000|2.286|0.000|1.000|1.000|1.000
Mesh_SM_GroundBase02_st09a1|0|2|-5.652|-2.000|-20.689|0.035|-6.737|0.000|1.000|1.000|1.000
Mesh_SM_GroundBase02_st09a1|0|6|3.718|-0.400|8.675|0.175|-2.094|-0.157|1.000|1.000|1.000
Mesh_SM_GroundBase02_st09a1|0|7|-8.433|-1.700|-8.575|0.000|0.000|0.000|1.000|1.000|1.000
Mesh_SM_GroundBase02_st09a1|0|8|-5.920|-1.500|6.179|0.000|0.000|0.105|1.000|1.000|1.000
Mesh_SM_GroundBase02_st09a1|0|9|-19.026|-0.800|12.024|0.175|-2.129|-0.157|1.000|1.000|1.000
Mesh_SM_GroundBase02_st09a1|0|10|-22.083|-1.900|5.675|0.052|0.000|0.000|1.000|1.000|1.000
Mesh_SM_GroundBase02_st09a1|0|11|-14.215|-1.700|-21.513|0.000|0.000|0.000|1.000|1.000|1.000
Mesh_SM_GroundBase02_st09a1|0|12|-24.363|-1.200|-9.944|0.000|0.000|0.000|1.000|1.000|1.000
Mesh_BossGaia|1|0|15.032|-6.300|13.797|0.000|1.082|0.000|1.000|1.000|1.000
Mesh_BossGaia|1|2|-33.851|-6.000|-0.526|0.000|4.834|0.000|1.000|1.000|1.000
Mesh_BossGaia|1|3|-4.369|-7.000|-28.567|0.017|3.822|0.000|1.000|1.000|1.000
Mesh_BossGaia|1|4|1.232|-10.300|-29.302|0.000|3.526|0.000|1.000|1.000|1.000
Mesh_BossGaia|0|5|7.931|-5.000|18.206|0.000|0.524|0.000|1.000|1.000|1.000
Mesh_BossGaia|0|6|-0.702|-5.000|16.102|0.000|0.000|0.000|1.000|1.000|1.000
Mesh_BossGaia|0|7|-6.905|-5.000|16.760|0.000|0.279|0.000|1.000|1.000|1.000
Mesh_BossGaia|0|8|-16.101|-5.000|20.907|0.000|-0.157|0.000|1.000|1.000|1.000
Mesh_BossGaia|0|9|-22.832|-5.000|19.278|0.000|0.000|0.000|1.000|1.000|1.000
Mesh_BossGaia|0|10|-28.119|-5.000|15.739|0.000|-0.244|0.000|1.000|1.000|1.000
Mesh_BossGaia|0|11|-36.999|-5.000|5.891|0.000|-0.908|0.000|1.000|1.000|1.000
Mesh_BossGaia|0|12|-31.887|-5.000|12.022|0.000|-0.576|0.000|1.000|1.000|1.000
Mesh_BossGaia|0|13|-34.047|-5.000|-20.014|0.000|-1.885|0.000|1.000|1.000|1.000
Mesh_BossGaia|0|14|-34.185|-5.000|-12.099|0.000|-1.466|0.000|1.000|1.000|1.000
Mesh_BossGaia|0|15|-33.741|-5.000|-6.084|0.000|-1.518|0.000|1.000|1.000|1.000
Mesh_BossGaia|1|16|14.154|-5.000|16.594|0.000|0.000|0.000|1.000|1.000|1.000
Mesh_BossGaia|1|17|18.106|-5.000|8.601|0.000|1.169|0.000|1.000|1.000|1.000
Mesh_BossGaia|1|18|-14.593|-5.000|-47.718|0.000|-0.471|0.000|1.000|1.000|1.000
Mesh_BossGaia|1|19|4.913|-5.000|-34.661|0.000|0.000|0.000|1.000|1.000|1.000
Mesh_BossGaia|1|20|-21.595|-5.000|-28.585|0.000|-2.182|0.000|1.000|1.000|1.000
Mesh_BossGaia|1|21|-26.072|-5.000|-20.823|0.000|-2.304|0.000|1.000|1.000|1.000
Mesh_SM_Snowpack03_st09a1|1|2|9.993|0.300|-22.444|0.541|-1.239|0.000|3.000|3.000|3.000
Mesh_SM_Snowpack02_st09a1|1|4|8.233|0.400|-25.395|0.105|0.297|0.192|2.500|2.500|2.500
Mesh_SM_Snowpack01_st09a1|1|0|8.892|4.000|-26.986|0.489|-0.559|0.192|1.500|1.500|1.500
Mesh_SM_Snowpack03_st09a1|1|4|-1.181|-0.400|-24.784|0.332|0.716|0.175|3.000|3.000|3.000
Mesh_SM_Snowpack02_st09a1|1|5|-9.841|-1.000|-22.014|0.227|-0.140|-0.209|2.500|2.500|2.500
Mesh_SM_Snowpack01_st09a1|1|1|-5.884|0.000|-24.115|0.000|0.000|0.000|1.000|1.000|1.000
Mesh_SM_Snowpack01_st09a1|1|2|-9.966|0.000|-24.899|0.000|0.000|0.000|1.000|1.000|1.000
Mesh_SM_Snowpack01_st09a1|1|3|-17.901|0.900|-21.671|0.559|0.646|0.000|2.000|2.000|2.000
Mesh_SM_Snowpack02_st09a1|1|6|-25.514|0.200|-18.233|0.087|0.436|0.000|2.000|2.000|2.000
Mesh_SM_Snowpack03_st09a1|1|5|-30.018|-0.000|-9.229|0.349|1.187|0.000|4.000|4.000|4.000
Mesh_SM_Snowpack03_st09a1|1|6|-31.226|2.700|-15.027|0.052|-0.750|-0.454|2.000|2.000|2.000
Mesh_SM_Snowpack02_st09a1|1|7|-30.186|0.200|-2.234|0.000|0.000|0.000|1.000|1.000|1.000
Mesh_SM_Snowpack02_st09a1|1|8|-30.236|0.000|4.823|0.000|1.937|0.000|2.500|2.500|2.500
Mesh_SM_Snowpack03_st09a1|1|7|-32.522|2.500|1.727|0.000|0.000|0.000|1.500|1.500|1.500
Mesh_SM_Snowpack03_st09a1|1|8|-25.882|1.100|14.557|-0.314|-0.017|0.000|3.500|3.500|3.500
Mesh_SM_Snowpack01_st09a1|1|4|-20.314|-0.000|15.712|0.000|0.000|0.000|1.000|1.000|1.000
Mesh_SM_Snowpack02_st09a1|1|9|-13.497|0.300|14.584|0.000|0.000|0.000|2.000|2.000|2.000
Mesh_SM_Snowpack03_st09a1|1|9|-15.074|0.000|12.206|0.000|0.000|0.000|2.000|2.000|2.000
Mesh_SM_Snowpack03_st09a1|1|10|-24.538|0.000|8.962|0.000|0.000|0.000|1.000|1.000|1.000
Mesh_SM_Snowpack03_st09a1|1|11|-11.530|2.300|15.794|0.000|0.000|0.000|2.000|2.000|2.000
Mesh_SM_Snowpack01_st09a1|1|5|-6.650|0.000|13.437|0.000|0.000|0.000|1.000|1.000|1.000
Mesh_SM_Snowpack03_st09a1|1|12|-2.286|0.000|13.475|0.000|0.000|0.000|3.000|3.000|3.000
Mesh_SM_Snowpack01_st09a1|1|6|0.715|0.000|13.683|0.000|0.000|0.000|1.000|1.000|1.000
Mesh_SM_Snowpack02_st09a1|1|10|4.296|0.000|14.768|0.000|0.000|0.000|2.000|2.000|2.000
Mesh_SM_Snowpack03_st09a1|1|13|11.848|0.000|14.157|0.000|0.000|0.000|2.000|2.000|2.000
Mesh_SM_Snowpack02_st09a1|1|11|9.436|0.000|12.443|0.000|0.000|0.000|1.000|1.000|1.000
Mesh_SM_Snowpack01_st09a1|1|7|14.685|0.000|9.584|-1.012|0.925|0.000|1.300|1.300|1.300
Mesh_SM_Snowpack01_st09a1|1|8|4.540|2.100|13.442|-0.960|0.000|0.000|1.000|1.000|1.000
Mesh_SM_Snowpack02_st09a1|1|12|0.830|1.000|13.074|0.000|0.000|0.000|1.000|1.000|1.000
Mesh_SM_Snowpack02_st09a1|1|13|11.031|0.000|10.414|0.000|0.000|0.000|1.300|1.300|1.300
Mesh_SM_Snowpack02_st09a1|1|14|17.123|0.000|6.878|0.000|0.000|0.000|1.000|1.000|1.000
Mesh_SM_Snowpack03_st09a1|1|14|19.869|0.200|6.041|0.559|0.000|0.000|2.000|2.000|2.000
Mesh_SM_Snowpack01_st09a1|1|9|19.353|0.300|3.572|0.000|0.000|0.000|1.000|1.000|1.000
Mesh_SM_Snowpack02_st09a1|1|15|19.445|0.000|-0.182|0.000|0.000|0.000|1.000|1.000|1.000
Mesh_SM_Snowpack03_st09a1|1|15|22.886|0.000|-3.055|0.000|0.000|0.000|2.000|2.000|2.000
Mesh_SM_Snowpack03_st09a1|1|16|26.396|0.000|-3.426|0.000|0.000|0.000|1.000|1.000|1.000
Mesh_SM_Snowpack01_st09a1|1|10|20.388|0.000|-0.887|0.000|0.000|0.000|1.000|1.000|1.000
Mesh_SM_Snowpack02_st09a1|1|16|22.508|1.000|-2.502|0.000|0.000|0.000|1.200|1.200|1.200
Mesh_SM_Snowpack03_st09a1|1|17|20.890|0.000|-4.282|0.000|0.000|0.000|1.000|1.000|1.000
Mesh_SM_Snowpack03_st09a1|1|18|16.523|0.000|5.545|0.000|0.000|0.000|1.000|1.000|1.000
Mesh_SM_Snowpack03_st09a1|1|19|18.877|1.800|6.553|0.000|0.000|0.000|1.500|1.500|1.500
Mesh_SM_Snowpack02_st09a1|1|17|27.047|0.000|-12.762|0.000|0.000|0.000|1.000|1.000|1.000
Mesh_SM_Snowpack03_st09a1|1|20|25.801|1.000|-11.904|0.000|0.000|0.000|1.000|1.000|1.000
Mesh_SM_GroundBase02_st09a1|0|13|-8.501|-1.000|11.885|0.000|0.000|0.000|1.000|1.000|1.000
Mesh_SM_GroundBase02_st09a1|0|14|-13.700|-1.100|-10.470|0.000|0.000|0.000|1.000|1.000|1.000
Mesh_SM_GroundBase02_st09a1|0|15|-13.989|-1.500|3.576|0.000|0.000|0.000|1.000|1.000|1.000
Mesh_SM_GroundBase02_st09a1|0|16|-29.112|-1.600|-1.206|0.000|0.000|0.000|1.000|1.000|1.000
Mesh_SM_GroundBase02_st09a1|2|17|26.202|0.100|0.625|-0.035|0.000|0.000|1.000|1.000|1.000
Mesh_SM_GroundBase02_st09a1|0|18|39.010|0.200|-9.451|-0.052|-0.541|0.000|1.000|1.000|1.000
Mesh_SM_GroundBase02_st09a1|0|19|40.235|0.400|3.249|0.000|-0.506|-0.035|1.000|1.000|1.000
Mesh_SM_GroundBase02_st09a1|0|20|38.206|-0.300|-16.986|0.000|0.000|0.000|1.000|1.000|1.000
Mesh_SM_GroundBase02_st09a1|0|21|45.187|0.100|-14.804|0.000|0.000|0.000|1.000|1.000|1.000
Mesh_SM_GroundBase02_st09a1|0|22|47.423|0.200|-29.341|0.000|0.000|0.000|1.000|1.000|1.000
Mesh_SM_GroundBase02_st09a1|0|23|42.383|0.000|-36.018|0.000|0.000|0.000|1.000|1.000|1.000
Mesh_SM_GroundBase02_st09a1|0|24|56.660|0.900|-42.947|0.000|0.000|0.000|1.000|1.000|1.000
Mesh_SM_GroundBase02_st09a1|0|25|34.715|-0.100|-47.787|0.000|0.000|0.000|1.000|1.000|1.000
Mesh_SM_GroundBase02_st09a1|0|26|34.929|0.000|-66.251|0.000|0.000|0.000|1.000|1.000|1.000
Mesh_SM_GroundBase02_st09a1|0|27|45.458|0.700|-76.989|0.000|0.000|0.000|1.000|1.000|1.000
Mesh_SM_GroundBase02_st09a1|0|28|49.399|0.800|-53.480|0.000|0.000|0.000|1.000|1.000|1.000
Mesh_SM_GroundBase02_st09a1|0|29|59.324|1.600|-74.670|0.000|0.000|0.000|1.000|1.000|1.000
Mesh_SM_GroundBase02_st09a1|0|30|45.883|0.700|-64.001|0.000|0.000|0.000|1.000|1.000|1.000
Mesh_SM_GroundBase02_st09a1|0|31|60.422|1.400|-61.573|0.000|0.000|0.000|1.000|1.000|1.000
Mesh_SM_MERGED_Tree01a_st09a1|2|0|53.749|0.600|-29.422|0.000|-0.611|0.000|1.300|1.300|1.300
Mesh_SM_MERGED_Tree01a_st09a1|2|2|46.225|0.400|-38.234|0.000|2.286|0.000|1.300|1.300|1.300
Mesh_SM_MERGED_Tree01a_st09a1|2|6|41.838|1.000|-55.386|0.000|-1.030|0.000|1.100|1.100|1.100
Mesh_SM_MERGED_Tree01a_st09a1|2|7|57.872|0.600|-53.387|0.000|0.332|0.000|1.500|1.500|1.500
Mesh_SM_MERGED_Tree01a_st09a1|0|10|43.633|0.000|-66.493|0.000|0.000|0.000|1.500|1.500|1.500
Mesh_SM_MERGED_Tree01a_st09a1|0|11|58.911|1.000|-68.905|0.000|0.000|0.000|1.200|1.200|1.200
Mesh_SM_MERGED_Tree01a_st09a1|0|12|58.217|1.200|-69.782|0.000|-0.908|0.000|1.000|1.000|1.000
Mesh_SM_MERGED_Tree01a_st09a1|0|13|59.236|0.800|-68.010|0.000|0.000|0.000|1.100|1.100|1.100
Mesh_SM_MERGED_Tree01a_st09a1|0|14|59.284|-0.000|-68.892|0.000|0.000|0.000|1.000|1.000|1.000
Mesh_SM_GroundBase02_st09a1|0|32|58.200|1.800|-87.316|0.000|0.000|0.000|1.000|1.000|1.000
Mesh_SM_GroundBase02_st09a1|0|33|71.244|3.000|-95.651|0.000|0.000|0.000|1.000|1.000|1.000
Mesh_SM_GroundBase02_st09a1|0|34|85.655|3.700|-101.111|0.000|0.000|0.000|1.000|1.000|1.000
Mesh_SM_GroundBase02_st09a1|0|35|82.048|3.700|-112.431|0.000|0.035|0.000|1.000|1.000|1.000
Mesh_SM_GroundBase02_st09a1|0|39|116.944|6.100|-195.434|0.000|-0.035|-0.105|1.000|1.000|1.000
Mesh_SM_GroundBase02_st09a1|0|40|127.313|6.200|-191.556|-0.070|0.122|0.035|1.000|1.000|1.000
Mesh_SM_GroundBase02_st09a1|0|41|110.210|6.400|-207.756|0.017|0.000|-0.035|1.000|1.000|1.000
Mesh_SM_GroundBase02_st09a1|0|42|105.253|6.000|-217.224|0.000|-0.611|0.000|1.000|1.000|1.000
Mesh_SM_GroundBase02_st09a1|0|43|102.220|6.700|-227.036|0.052|0.017|-0.070|1.000|1.000|1.000
Mesh_SM_GroundBase02_st09a1|0|45|99.938|4.600|-109.775|0.000|0.000|0.000|1.000|1.000|1.000
Mesh_SM_GroundBase02_st09a1|0|46|95.250|4.700|-122.061|0.000|0.000|0.000|1.000|1.000|1.000
Mesh_SM_GroundBase02_st09a1|0|47|109.619|4.400|-133.113|0.000|0.017|-0.192|1.000|1.000|1.000
Mesh_SM_GroundBase02_st09a1|0|50|162.160|4.000|-148.580|0.000|0.000|0.000|1.000|1.000|1.000
Mesh_SM_GroundBase04_st09a1|0|0|120.770|3.400|-124.522|0.000|0.000|0.000|1.000|1.000|1.000
Mesh_SM_GroundBase04_st09a1|0|1|127.320|4.900|-164.544|0.000|0.000|-0.035|1.000|1.000|1.000
Mesh_SM_GroundBase02_st09a1|0|37|90.324|5.200|-212.615|0.000|0.000|0.000|1.000|1.000|1.000
Mesh_SM_GroundBase02_st09a1|0|38|92.801|5.900|-225.147|0.000|0.000|0.000|1.000|1.000|1.000
Mesh_SM_GroundBase02_st09a1|0|48|79.514|4.400|-215.343|0.000|0.000|0.000|1.000|1.000|1.000
Mesh_SM_GroundBase02_st09a1|0|49|69.947|4.000|-223.478|0.000|0.000|0.000|1.000|1.000|1.000
Mesh_SM_GroundBase02_st09a1|0|51|75.199|4.200|-209.000|0.000|-1.571|0.000|1.000|1.000|1.000
Mesh_SM_GroundBase02_st09a1|0|52|57.918|2.700|-213.461|0.000|0.000|0.000|1.000|1.000|1.000
Mesh_SM_GroundBase02_st09a1|0|53|64.879|4.000|-203.108|0.000|-0.995|0.000|1.000|1.000|1.000
Mesh_SM_GroundBase02_st09a1|0|54|104.583|3.500|-146.187|0.000|-1.798|0.052|1.000|1.000|1.000
Mesh_SM_GroundBase02_st09a1|0|55|104.878|2.800|-160.500|0.000|0.000|0.000|1.000|1.000|1.000
Mesh_SM_Snowpack01_st09a1|0|11|103.181|3.800|-136.159|0.000|0.000|0.000|2.000|2.000|2.000
Mesh_SM_Snowpack01_st09a1|0|12|101.767|4.700|-136.084|0.000|0.000|0.000|1.300|1.300|1.300
Mesh_SM_Snowpack01_st09a1|0|13|109.438|4.000|-139.681|0.000|0.000|0.000|1.000|1.000|1.000
Mesh_SM_Snowpack01_st09a1|0|14|110.873|4.000|-143.407|0.000|0.000|0.000|1.000|1.000|1.000
Mesh_SM_Snowpack01_st09a1|0|15|106.819|4.700|-136.545|0.000|0.000|0.000|1.200|1.200|1.200
Mesh_SM_Snowpack01_st09a1|0|16|110.578|4.300|-141.395|0.000|0.000|0.000|1.000|1.000|1.000
Mesh_SM_GroundBase02_st09a1|0|56|114.097|4.000|-154.500|0.000|0.000|0.000|1.000|1.000|1.000
Mesh_SM_GroundBase02_st09a1|0|57|123.159|5.400|-154.686|0.000|1.309|0.087|1.000|1.000|1.000
Mesh_SM_Snowpack01_st09a1|0|17|120.820|5.300|-163.246|0.000|0.000|0.000|1.500|1.500|1.500
Mesh_SM_Snowpack01_st09a1|0|18|124.425|6.200|-157.311|0.000|0.000|0.000|1.600|1.600|1.600
Mesh_SM_Snowpack01_st09a1|0|19|125.224|5.900|-151.544|0.000|0.000|0.000|1.500|1.500|1.500
Mesh_SM_GroundBase04_st09a1|0|2|22.997|2.600|-205.126|0.000|0.000|0.035|1.000|1.000|1.000
Mesh_SM_GroundBase02_st09a1|0|58|15.426|1.300|-190.057|-0.244|-3.194|0.332|1.000|1.000|1.000
Mesh_SM_GroundBase02_st09a1|0|59|10.973|1.400|-198.220|0.070|-0.384|0.139|1.000|1.000|1.000
Mesh_SM_Snowpack01_st09a1|0|21|-2.393|-3.000|-195.030|-0.052|0.035|0.314|2.500|2.500|2.500
Mesh_SM_GroundBase02_st09a1|0|60|9.871|1.000|-210.148|0.000|-0.122|0.157|1.000|1.000|1.000
Mesh_SM_GroundBase02_st09a1|0|61|-0.682|-2.500|-191.015|0.000|-0.017|0.244|1.000|1.000|1.000
Mesh_SM_GroundBase02_st09a1|0|62|-4.882|-1.700|-204.028|0.000|0.000|0.105|1.000|1.000|1.000
Mesh_SM_GroundBase02_st09a1|0|63|-4.743|-1.500|-186.739|0.000|0.000|0.000|1.000|1.000|1.000
Mesh_SM_GroundBase02_st09a1|0|64|-10.273|-1.900|-193.556|-0.052|0.000|0.018|1.000|1.000|1.000
Mesh_SM_Snowpack01_st09a1|0|22|18.963|2.800|-196.346|-0.017|-0.052|0.192|2.000|2.000|2.000
Mesh_SM_Rock06a_st09a1|0|0|-2.493|6.800|-182.091|0.000|0.454|0.000|2.500|2.500|2.500
Mesh_SM_Rock06a_st09a1|0|1|-3.848|6.800|-206.999|0.000|0.000|0.000|2.500|2.500|2.500
Mesh_SM_Rock06a_st09a1|0|2|-19.677|6.800|-199.458|0.000|0.471|0.000|2.500|2.500|2.500
Mesh_SM_Rock06a_st09a1|0|3|-17.148|6.800|-190.226|0.000|-0.942|0.000|2.500|2.500|2.500
Mesh_SM_Rock06a_st09a1|0|4|-3.613|20.600|-193.769|1.571|1.571|0.000|2.500|2.500|2.500
Mesh_SM_Rock06a_st09a1|0|5|-2.347|17.000|-208.221|-0.087|-0.768|1.571|1.700|1.700|1.700
Mesh_SM_Rock06a_st09a1|0|6|-1.945|17.000|-182.727|0.000|3.683|0.000|1.700|1.700|1.700
Mesh_SM_CliffA_st09a1|0|0|16.670|1.000|-219.409|0.000|1.030|0.000|1.350|1.350|1.350
Mesh_SM_MERGED_SplineGaia199|0|1|7.858|-3.000|-206.274|0.000|0.000|0.000|1.000|1.000|1.000
Mesh_SM_MERGED_SplineGaia199|0|2|8.367|-3.000|-185.992|0.000|-1.902|0.000|1.000|1.000|1.000
Mesh_SM_MERGED_SplineGaia199|0|3|15.310|-3.000|-189.910|0.000|-2.182|0.000|1.000|1.000|1.000
Mesh_SM_MERGED_Tree01a_st09a1|3|15|50.704|6.600|-198.419|0.000|-1.571|0.000|1.000|1.000|1.000
Mesh_SM_MERGED_Tree01a_st09a1|3|16|38.279|5.000|-201.473|0.000|-1.571|0.000|1.500|1.500|1.500
Mesh_SM_MERGED_Tree01a_st09a1|3|17|37.644|5.000|-211.063|0.000|-0.960|0.000|1.000|1.000|1.000
Mesh_SM_MERGED_Tree01a_st09a1|3|18|35.663|4.800|-223.743|0.000|0.000|-0.017|1.500|1.500|1.500
Mesh_SM_MERGED_Tree01a_st09a1|3|20|50.946|5.000|-207.879|0.000|-1.571|0.000|1.000|1.000|1.000
Mesh_SM_MERGED_Tree01a_st09a1|3|21|44.267|5.000|-218.796|0.000|-1.047|0.000|1.000|1.000|1.000
Mesh_SM_MERGED_Tree01a_st09a1|3|22|37.321|5.000|-210.267|0.000|0.000|0.000|1.000|1.000|1.000
Mesh_SM_MERGED_Tree01a_st09a1|3|23|39.052|5.000|-201.396|0.000|-2.007|0.000|1.200|1.200|1.200
Mesh_SM_MERGED_Tree01a_st09a1|3|24|56.949|5.400|-215.234|0.000|-1.222|0.000|1.000|1.000|1.000
Mesh_SM_MERGED_Tree01a_st09a1|3|19|71.685|5.000|-214.480|0.000|1.571|0.000|1.600|1.600|1.600
Mesh_SM_MERGED_Tree01a_st09a1|3|25|70.644|5.000|-214.975|0.000|0.524|0.000|1.500|1.500|1.500
Mesh_SM_MERGED_Tree01a_st09a1|3|26|77.543|5.000|-221.058|0.000|0.000|0.000|1.000|1.000|1.000
Mesh_SM_MERGED_Tree01a_st09a1|3|27|83.038|5.000|-221.192|0.000|0.000|0.000|1.000|1.000|1.000
Mesh_SM_MERGED_Tree01a_st09a1|3|28|91.820|5.000|-220.137|0.000|0.000|0.000|1.000|1.000|1.000
Mesh_SM_MERGED_Tree01a_st09a1|3|29|95.637|5.000|-219.693|0.000|0.000|0.000|1.000|1.000|1.000
Mesh_SM_MERGED_Tree01a_st09a1|3|30|93.030|5.000|-209.619|0.000|0.000|0.000|1.000|1.000|1.000
Mesh_SM_MERGED_Tree01a_st09a1|3|31|85.860|5.000|-203.946|0.000|0.000|0.000|1.000|1.000|1.000
Mesh_SM_Rock07a_st09a1|3|0|16.175|1.000|-181.234|0.000|0.000|0.000|2.000|2.000|2.000
Mesh_SM_CliffA_st09a1|3|1|30.250|-11.000|-180.281|0.000|-0.419|0.000|1.000|1.000|1.000
Mesh_SM_CliffA_st09a1|3|2|44.891|-12.500|-177.826|-0.035|0.087|0.000|1.000|1.000|1.000
Mesh_SM_CliffA_st09a1|3|3|58.539|-12.600|-180.501|0.000|0.227|0.000|1.000|1.000|1.000
Mesh_SM_Rock07a_st09a1|3|7|33.503|-3.500|-178.160|0.000|0.000|0.000|1.000|1.000|1.000
Mesh_SM_Rock07a_st09a1|3|8|30.172|-3.500|-179.797|0.000|0.000|0.000|1.000|1.000|1.000
Mesh_SM_Rock07a_st09a1|3|9|66.018|-4.200|-187.676|0.000|1.571|0.000|1.000|1.000|1.000
Mesh_SM_Rock07a_st09a1|3|11|80.948|-8.500|-200.646|0.105|0.070|0.000|2.000|2.000|2.000
Mesh_SM_MERGED_SplineGaia199|3|4|37.907|-3.500|-180.918|0.000|0.000|0.000|1.000|1.000|1.000
Mesh_SM_MERGED_SplineGaia199|3|5|30.013|-5.500|-180.532|0.000|0.000|0.000|1.000|1.000|1.000
Mesh_SM_Rock06a_st09a1|0|8|65.108|-1.800|-191.802|0.000|0.820|0.000|1.000|1.000|1.000
Mesh_SM_Rock06a_st09a1|0|9|71.684|0.100|-195.291|0.000|0.000|0.000|1.000|1.000|1.000
Mesh_SM_CliffA_st09a1|0|4|98.621|-9.500|-205.272|0.000|0.367|0.000|1.000|1.000|1.000
Mesh_SM_CliffA_st09a1|0|5|103.063|-7.300|-204.368|-0.279|0.244|0.000|1.000|1.000|1.000
Mesh_SM_CliffA_st09a1|0|6|102.204|-9.200|-202.639|0.000|-1.326|0.000|1.000|1.000|1.000
Mesh_SM_CliffA_st09a1|0|7|111.206|-8.700|-186.387|0.000|-1.379|0.000|1.000|1.000|1.000
Mesh_SM_Rock07a_st09a1|0|12|109.711|-0.500|-194.174|0.000|0.000|0.000|1.000|1.000|1.000
Mesh_SM_CliffA_st09a1|0|8|103.644|-11.200|-168.696|0.000|-2.548|0.000|1.000|1.000|1.000
Mesh_SM_Rock07a_st09a1|0|14|91.237|-10.800|-160.747|0.000|0.367|0.000|2.000|2.000|2.000
Mesh_SM_Rock07a_st09a1|0|15|87.259|-10.300|-153.408|0.000|-1.449|0.000|2.000|2.000|2.000
Mesh_SM_CliffA_st09a1|0|9|96.186|-10.600|-132.492|0.000|-1.571|0.000|1.000|1.000|1.000
Mesh_SM_Rock06a_st09a1|0|15|93.742|-1.400|-145.709|0.000|-0.698|0.000|1.000|1.000|1.000
Mesh_SM_CliffA_st09a1|0|10|86.775|-9.300|-125.002|0.000|-2.531|0.000|1.000|1.000|1.000
Mesh_SM_Rock07a_st09a1|0|17|77.085|-3.400|-117.702|0.000|0.000|0.000|1.000|1.000|1.000
Mesh_SM_Rock07a_st09a1|0|18|73.462|-3.900|-115.405|0.000|0.000|0.000|1.000|1.000|1.000
Mesh_SM_Rock07a_st09a1|0|19|71.656|-3.500|-111.063|0.000|1.134|0.000|1.000|1.000|1.000
Mesh_SM_Rock07a_st09a1|0|20|72.847|-3.300|-107.499|0.000|0.000|0.000|1.000|1.000|1.000
Mesh_SM_Rock07a_st09a1|0|21|69.471|-6.900|-101.943|0.000|0.367|0.000|1.500|1.500|1.500
Mesh_SM_CliffA_st09a1|0|11|59.286|-11.800|-96.707|0.000|-2.461|0.000|1.000|1.000|1.000
Mesh_SM_Rock07a_st09a1|0|22|60.842|-4.600|-99.166|0.000|0.000|0.000|1.000|1.000|1.000
Mesh_SM_Rock07a_st09a1|0|24|51.976|-5.800|-91.255|0.000|0.000|0.000|1.000|1.000|1.000
Mesh_SM_Rock07a_st09a1|0|25|45.403|-12.700|-85.647|0.000|0.454|0.000|2.000|2.000|2.000
Mesh_SM_Rock07a_st09a1|0|26|38.982|-5.700|-80.086|0.000|0.000|0.000|1.000|1.000|1.000
Mesh_SM_Rock07a_st09a1|0|27|34.680|-8.700|-75.024|0.000|1.047|0.000|1.500|1.500|1.500
Mesh_SM_Rock07a_st09a1|0|28|28.627|-5.700|-70.393|0.000|0.000|0.000|1.000|1.000|1.000
Mesh_SM_Rock07a_st09a1|0|29|26.172|-7.500|-64.102|0.000|1.501|0.000|1.300|1.300|1.300
Mesh_SM_Rock07a_st09a1|0|30|28.236|-9.100|-59.157|0.000|1.082|0.000|1.500|1.500|1.500
Mesh_SM_Rock07a_st09a1|0|31|28.379|-6.900|-52.229|0.000|0.419|0.000|1.200|1.200|1.200
Mesh_SM_CliffA_st09a1|0|13|28.156|-13.000|-40.692|0.000|-1.239|0.000|1.000|1.000|1.000
Mesh_SM_Rock07a_st09a1|0|32|33.877|-8.000|-22.403|0.000|0.000|0.000|1.500|1.500|1.500
Mesh_SM_Rock07a_st09a1|0|33|35.770|-7.300|-30.278|0.000|-1.431|0.000|1.200|1.200|1.200
Mesh_SM_Rock07a_st09a1|0|34|29.169|-6.300|-19.895|0.000|0.000|0.000|1.000|1.000|1.000
Mesh_SM_Rock07a_st09a1|0|35|28.421|-6.500|-16.676|0.000|1.204|0.000|1.000|1.000|1.000
Mesh_SM_CliffA_st09a1|0|14|40.621|-13.400|12.783|0.000|0.000|0.000|1.000|1.000|1.000
Mesh_SM_CliffA_st09a1|0|15|51.698|-13.200|3.575|0.000|1.047|0.000|1.000|1.000|1.000
Mesh_SM_CliffA_st09a1|0|16|55.904|-13.300|-19.847|0.000|1.362|0.000|1.000|1.000|1.000
Mesh_SM_CliffA_st09a1|0|17|64.122|-12.800|-37.953|0.000|0.873|0.000|1.000|1.000|1.000
Mesh_SM_CliffA_st09a1|0|18|70.704|-14.300|-64.723|0.000|1.326|0.000|1.200|1.200|1.200
Mesh_SM_CliffA_st09a1|0|19|75.335|-11.300|-86.593|0.000|0.803|0.000|1.000|1.000|1.000
Mesh_SM_Rock07a_st09a1|0|39|67.270|-7.000|-46.283|0.000|1.012|0.000|1.200|1.200|1.200
Mesh_SM_Rock06a_st09a1|0|17|69.538|-2.500|-78.130|0.000|0.000|0.000|1.000|1.000|1.000
Mesh_SM_CliffA_st09a1|0|20|90.479|-10.200|-92.062|0.000|0.663|0.000|1.000|1.000|1.000
Mesh_SM_CliffA_st09a1|0|21|104.198|-8.900|-100.841|0.000|0.646|0.000|1.000|1.000|1.000
Mesh_SM_CliffA_st09a1|0|23|141.393|-19.600|-97.649|0.000|0.000|0.000|1.500|1.500|1.500
Mesh_SM_Rock07a_st09a1|0|42|160.119|-5.700|-99.952|0.000|0.000|0.000|1.000|1.000|1.000
Mesh_SM_CliffA_st09a1|0|24|163.188|-25.900|-120.727|0.000|1.571|0.000|2.000|2.000|2.000
Mesh_SM_CliffA_st09a1|0|25|170.382|-24.200|-161.247|0.000|1.571|0.000|2.000|2.000|2.000
Mesh_SM_Rock07a_st09a1|0|44|169.734|-9.400|-183.506|0.000|1.571|0.000|1.700|1.700|1.700
Mesh_SM_CliffA_st09a1|0|26|159.949|-11.000|-190.680|0.000|3.142|0.000|1.000|1.000|1.000
Mesh_SM_Rock07a_st09a1|0|45|143.388|-13.900|-191.347|0.000|-0.524|0.000|3.000|3.000|3.000
Mesh_SM_Rock07a_st09a1|0|46|131.950|-4.200|-202.637|0.000|-0.873|0.000|1.500|1.500|1.500
Mesh_SM_Rock06a_st09a1|0|19|129.575|1.700|-203.765|0.000|0.000|0.000|1.000|1.000|1.000
Mesh_SM_Rock07a_st09a1|0|47|122.210|-2.100|-208.548|0.000|-0.873|0.017|1.300|1.300|1.300
Mesh_SM_CliffA_st09a1|0|27|113.062|-6.900|-228.781|0.000|1.868|0.000|1.000|1.000|1.000
Mesh_SM_Rock07a_st09a1|0|48|118.890|-3.400|-215.727|0.000|-1.379|0.000|1.500|1.500|1.500
Mesh_SM_Rock06a_st09a1|0|20|117.493|1.900|-225.159|0.000|-1.030|0.000|1.000|1.000|1.000
Mesh_SM_Rock06a_st09a1|0|21|113.547|2.100|-227.232|0.000|0.000|0.000|1.000|1.000|1.000
Mesh_SM_Rock06a_st09a1|0|23|105.031|1.500|-235.684|0.000|0.925|0.000|1.300|1.300|1.300
Mesh_SM_CliffA_st09a1|0|28|35.371|-16.600|-232.186|0.000|3.142|0.000|1.500|1.500|1.500
Mesh_SM_CliffA_st09a1|0|29|57.723|-8.300|-231.358|0.000|3.142|0.000|0.800|0.800|0.800
Mesh_SM_Rock07a_st09a1|0|49|66.846|-2.800|-229.681|0.000|1.065|0.000|1.000|1.000|1.000
Mesh_SM_Rock06a_st09a1|0|24|69.015|-0.800|-231.686|0.000|0.768|0.000|1.000|1.000|1.000
Mesh_SM_Rock07a_st09a1|0|50|72.631|-2.600|-235.414|0.000|0.000|0.000|1.000|1.000|1.000
Mesh_SM_Rock07a_st09a1|0|51|79.029|-5.400|-231.080|0.000|-1.152|0.000|1.500|1.500|1.500
Mesh_SM_Rock07a_st09a1|0|52|89.080|-8.400|-229.641|0.000|0.349|0.000|2.000|2.000|2.000
Mesh_SM_Rock07a_st09a1|0|53|99.998|-3.700|-235.380|0.000|0.628|0.000|1.500|1.500|1.500
Mesh_SM_Snowpack02_st09a1|0|18|39.544|0.000|11.228|0.000|0.000|0.000|1.000|1.000|1.000
Mesh_SM_Snowpack02_st09a1|0|19|42.802|0.100|11.675|0.000|0.000|0.000|1.000|1.000|1.000
Mesh_SM_Snowpack02_st09a1|0|20|46.838|0.100|10.963|0.000|0.611|0.000|1.000|1.000|1.000
Mesh_SM_Snowpack02_st09a1|0|21|49.595|0.100|7.077|0.000|1.012|0.000|1.000|1.000|1.000
Mesh_SM_Snowpack02_st09a1|0|22|51.224|0.100|1.030|0.000|1.326|0.000|1.700|1.700|1.700
Mesh_SM_Rock07a_st09a1|0|36|52.708|-5.800|-8.415|0.000|1.274|0.000|1.000|1.000|1.000
Mesh_SM_Snowpack02_st09a1|0|23|52.300|0.600|-5.954|0.000|0.000|0.000|1.000|1.000|1.000
Mesh_SM_Snowpack02_st09a1|0|24|54.187|0.100|-3.706|0.000|1.571|0.000|1.000|1.000|1.000
Mesh_SM_Snowpack02_st09a1|0|25|52.966|0.600|-8.482|0.000|0.663|0.000|1.000|1.000|1.000
Mesh_SM_Snowpack02_st09a1|0|26|54.182|-1.400|-13.657|0.000|1.571|0.000|2.500|2.500|2.500
Mesh_SM_Snowpack02_st09a1|0|27|57.044|-1.600|-24.966|0.000|1.152|0.000|3.000|3.000|3.000
Mesh_SM_Snowpack02_st09a1|0|28|62.944|-1.200|-36.842|0.000|0.855|0.000|3.000|3.000|3.000
Mesh_SM_Snowpack02_st09a1|0|29|66.939|-0.400|-50.627|0.000|1.571|0.000|3.000|3.000|3.000
Mesh_SM_Snowpack02_st09a1|0|30|71.196|-0.500|-68.727|0.000|1.571|0.000|4.000|4.000|4.000
Mesh_SM_Snowpack02_st09a1|0|31|72.553|0.400|-86.808|-0.052|0.524|0.000|3.500|3.500|3.000
Mesh_SM_Snowpack02_st09a1|0|32|90.288|-2.000|-93.492|-1.501|0.663|-0.279|4.000|4.000|4.000
Mesh_SM_Snowpack02_st09a1|0|33|101.605|1.900|-102.297|0.000|0.663|0.000|3.500|3.500|3.500
Mesh_SM_CliffA_st09a1|0|22|120.094|-15.000|-108.593|0.000|-1.257|0.000|1.200|1.200|1.200
Mesh_SM_CliffA_st09a1|0|30|109.682|-7.400|-116.528|0.000|1.257|0.000|0.800|0.800|0.800
Mesh_SM_Snowpack02_st09a1|0|34|106.384|1.700|-116.462|-0.244|1.676|0.070|3.500|3.500|3.500
Mesh_SM_Snowpack02_st09a1|0|35|118.527|1.100|-117.608|0.401|2.042|0.017|4.000|4.000|4.000
Mesh_SM_Snowpack02_st09a1|0|36|108.661|3.400|-108.571|0.000|1.571|0.000|2.000|2.000|2.000
Mesh_SM_Snowpack02_st09a1|0|37|129.344|0.600|-101.557|0.000|-0.471|0.000|3.000|3.000|3.000
Mesh_SM_Snowpack02_st09a1|0|38|145.630|-0.600|-97.716|0.000|0.000|0.000|3.000|3.000|3.000
Mesh_SM_Snowpack02_st09a1|0|39|158.117|-0.200|-100.381|0.000|0.367|0.000|2.000|2.000|2.000
Mesh_SM_Snowpack02_st09a1|0|40|160.959|-1.800|-112.255|0.000|1.571|0.000|5.000|5.000|5.000
Mesh_SM_Snowpack02_st09a1|0|41|163.976|1.400|-133.285|0.000|1.571|0.000|3.000|3.000|3.000
Mesh_SM_Snowpack02_st09a1|0|42|168.975|2.100|-149.805|0.000|1.571|0.000|4.000|4.000|4.000
Mesh_SM_Snowpack02_st09a1|0|43|165.048|-0.600|-157.368|0.000|1.571|0.000|7.000|7.000|7.000
Mesh_SM_Snowpack02_st09a1|0|44|168.816|1.600|-181.540|0.000|1.571|0.000|3.000|3.000|3.000
Mesh_SM_Snowpack02_st09a1|0|45|161.078|2.300|-189.478|0.000|0.000|0.000|3.000|3.000|3.000
Mesh_SM_Snowpack02_st09a1|0|46|142.916|3.800|-190.275|0.000|0.000|0.000|4.000|4.000|4.000
Mesh_SM_Snowpack02_st09a1|0|47|135.409|4.800|-199.814|0.000|-0.873|0.000|2.500|2.500|2.500
Mesh_SM_Snowpack02_st09a1|0|48|127.647|5.200|-204.295|0.000|0.000|0.000|2.000|2.000|2.000
Mesh_SM_Snowpack02_st09a1|0|49|122.737|4.600|-208.235|0.000|-0.733|0.000|2.500|2.500|2.500
Mesh_SM_Snowpack02_st09a1|0|50|117.755|4.500|-217.424|0.000|-1.361|0.000|3.000|3.000|3.000
Mesh_SM_Snowpack02_st09a1|0|51|111.709|4.300|-230.070|0.000|-0.768|0.000|3.000|3.000|3.000
Mesh_SM_Snowpack02_st09a1|0|52|110.265|5.900|-235.960|0.000|-1.047|0.000|2.000|2.000|2.000
Mesh_SM_Snowpack02_st09a1|0|53|103.124|6.100|-236.425|0.105|0.646|0.192|2.000|2.000|2.000
Mesh_SM_Snowpack02_st09a1|0|54|94.030|1.500|-231.774|0.454|0.489|0.070|5.000|5.000|5.000
Mesh_SM_Snowpack02_st09a1|0|55|78.244|3.900|-231.489|0.000|-0.977|0.000|2.000|2.000|2.000
Mesh_SM_Snowpack02_st09a1|0|56|71.304|3.000|-231.690|0.000|0.750|0.105|2.500|2.500|2.500
Mesh_SM_Snowpack02_st09a1|0|57|57.078|1.800|-230.468|-2.653|0.000|0.000|3.000|3.000|3.000
Mesh_SM_Snowpack02_st09a1|0|58|33.632|3.000|-227.266|-2.932|0.000|0.000|4.000|4.000|4.000
Mesh_SM_Snowpack02_st09a1|0|59|46.283|3.500|-230.998|0.000|0.000|0.000|2.000|2.000|2.000
Mesh_SM_Snowpack02_st09a1|0|60|46.587|0.600|-180.314|2.566|0.000|0.000|3.000|3.000|3.000
Mesh_SM_Snowpack02_st09a1|0|61|61.054|0.900|-181.819|0.000|0.297|0.000|2.000|2.000|2.000
Mesh_SM_Snowpack02_st09a1|0|62|66.534|2.300|-186.829|0.000|1.571|0.000|1.000|1.000|1.000
Mesh_SM_Snowpack02_st09a1|0|63|69.917|3.500|-193.700|0.000|0.785|0.000|2.000|2.000|2.000
Mesh_SM_Snowpack02_st09a1|0|64|78.078|3.700|-198.415|0.000|0.209|0.000|2.000|2.000|2.000
Mesh_SM_Snowpack02_st09a1|0|65|91.259|2.500|-203.294|0.000|0.559|0.000|3.000|3.000|3.000
Mesh_SM_Snowpack02_st09a1|0|66|100.734|3.700|-205.176|-0.332|0.000|0.000|3.000|3.000|3.000
Mesh_SM_Snowpack02_st09a1|0|67|106.550|3.900|-196.009|0.087|-0.803|0.000|3.000|3.000|3.000
Mesh_SM_Snowpack02_st09a1|0|68|113.730|3.400|-182.813|0.000|-1.100|0.000|2.500|2.500|2.500
Mesh_SM_Rock07a_st09a1|0|1|119.836|-7.800|-173.606|0.000|-0.960|0.000|1.800|1.800|1.800
Mesh_SM_Snowpack02_st09a1|0|69|117.041|2.400|-173.391|0.000|-1.292|0.000|4.000|4.000|4.000
Mesh_SM_Snowpack02_st09a1|0|70|105.249|1.100|-168.562|0.000|0.576|0.000|3.000|3.000|3.000
Mesh_SM_Snowpack02_st09a1|0|71|90.067|2.400|-161.729|3.124|0.576|0.000|2.000|2.000|2.000
Mesh_SM_Snowpack02_st09a1|0|72|85.554|3.200|-154.737|0.000|-1.379|0.000|1.500|1.500|1.500
Mesh_SM_Snowpack02_st09a1|0|73|91.801|2.400|-148.021|2.967|-0.838|-0.017|2.000|2.000|2.000
Mesh_SM_Snowpack02_st09a1|4|74|-10.892|1.300|-23.474|0.000|0.000|0.000|2.000|2.000|2.000
Mesh_SM_Snowpack01_st09a1|4|20|-24.469|1.900|-19.695|0.000|0.000|0.000|1.000|1.000|1.000
Mesh_SM_Snowpack01_st09a1|4|23|-32.578|2.600|-13.062|0.000|0.000|0.000|1.000|1.000|1.000
Mesh_SM_Snowpack01_st09a1|4|24|-32.357|1.200|-4.090|0.000|0.000|0.000|1.000|1.000|1.000
Mesh_SM_Snowpack02_st09a1|4|75|-32.677|2.000|-5.152|0.000|1.571|0.000|2.000|2.000|2.000
Mesh_SM_Snowpack03_st09a1|4|21|-28.647|1.900|-18.386|0.000|0.000|0.000|2.000|2.000|2.000
Mesh_SM_Snowpack01_st09a1|4|25|-19.186|1.000|14.922|0.000|0.000|0.000|1.000|1.000|1.000
Mesh_SM_Snowpack02_st09a1|4|76|-22.592|2.400|15.520|0.000|0.000|0.000|2.000|2.000|2.000
Mesh_SM_Snowpack01_st09a1|4|26|4.033|1.200|-27.064|0.175|0.349|0.000|1.000|1.000|1.000
Mesh_SM_Snowpack02_st09a1|4|77|-4.022|1.000|-25.140|0.000|0.000|0.000|1.000|1.000|1.000
Mesh_SM_Snowpack02_st09a1|4|78|-20.735|3.000|-23.414|0.000|0.000|0.000|2.000|2.000|2.000
Mesh_SM_Snowpack01_st09a1|4|27|-27.589|3.000|-22.350|-0.297|0.541|0.000|2.000|2.000|2.000
Mesh_SM_Snowpack02_st09a1|4|79|-24.993|3.000|-18.587|0.000|0.000|0.000|1.000|1.000|1.000
Mesh_SM_Snowpack02_st09a1|4|80|-29.547|2.000|4.486|0.000|0.000|0.000|1.000|1.000|1.000
Mesh_SM_Snowpack03_st09a1|4|22|16.098|1.700|-21.060|0.000|0.000|0.000|2.000|2.000|2.000
Mesh_SM_Rock07a_st09a1|4|2|22.251|3.100|-21.732|0.000|-1.274|0.000|2.000|2.000|2.000
Mesh_SM_Rock07a_st09a1|4|3|8.617|-2.000|-31.791|0.000|-0.733|0.000|2.000|2.000|2.000
Mesh_SM_Snowpack02_st09a1|4|81|32.465|-0.200|-20.675|0.000|0.000|0.000|2.000|2.000|2.000
Mesh_SM_Snowpack01_st09a1|4|28|36.178|-1.100|-28.371|0.000|0.000|-1.047|2.000|2.000|2.000
Mesh_SM_Rock07a_st09a1|4|4|22.856|-1.000|-61.341|0.000|-1.484|0.000|2.000|2.000|2.000
Mesh_SM_Rock07a_st09a1|4|5|27.180|-3.000|-74.446|0.000|1.222|0.000|2.000|2.000|2.000
Mesh_SM_Snowpack02_st09a1|0|82|97.355|2.200|-138.269|0.000|1.571|0.000|2.000|2.000|2.000
Mesh_SM_Snowpack02_st09a1|0|83|94.496|3.600|-130.272|0.000|0.698|0.000|2.000|2.000|2.000
Mesh_SM_Snowpack02_st09a1|0|84|85.674|2.500|-121.855|0.000|-2.304|0.000|3.000|3.000|3.000
Mesh_SM_Snowpack02_st09a1|0|85|75.547|3.200|-115.382|3.124|0.576|0.000|2.000|2.000|2.000
Mesh_SM_Snowpack02_st09a1|0|86|72.525|1.000|-107.311|0.000|1.100|0.000|3.000|3.000|3.000
Mesh_SM_Snowpack02_st09a1|0|87|59.993|0.600|-98.167|0.000|-2.374|0.000|2.500|2.500|2.500
Mesh_SM_Snowpack02_st09a1|0|88|52.255|-0.500|-90.927|0.000|-2.461|0.000|3.000|3.000|3.000
Mesh_SM_Snowpack02_st09a1|0|89|40.872|0.000|-82.869|0.000|-2.688|0.000|2.000|2.000|2.000
Mesh_SM_Mountain01_st09a1|0|0|165.529|-20.900|76.078|0.000|0.000|0.000|7.000|7.000|7.000
Mesh_SM_Mountain01_st09a1|0|1|235.899|-14.800|65.411|0.000|-1.187|0.000|7.000|7.000|7.000
Mesh_SM_Mountain01_st09a1|0|2|267.016|-15.200|-22.294|0.000|0.000|0.000|7.000|7.000|7.000
Mesh_SM_Mountain01_st09a1|0|3|287.550|-10.600|-116.624|0.000|0.000|0.000|7.000|7.000|7.000
Mesh_SM_Mountain01_st09a1|0|4|263.775|-23.500|-208.700|0.000|0.820|0.000|7.000|7.000|7.000
Mesh_SM_Mountain01_st09a1|0|5|105.849|-10.000|122.706|0.000|-0.873|-0.035|7.000|7.000|7.000
Mesh_SM_Mountain01_st09a1|0|6|198.494|-15.900|-268.211|0.000|0.000|0.000|7.000|7.000|7.000
Mesh_SM_Mountain01_st09a1|0|7|149.554|-10.000|-310.879|0.000|0.000|0.000|7.000|7.000|7.000
Mesh_SM_Mountain01_st09a1|0|8|59.035|-13.300|-298.584|0.000|-1.292|0.000|7.000|7.000|7.000
Mesh_SM_Mountain01_st09a1|0|9|7.186|-10.000|-297.836|0.000|0.489|0.000|7.000|7.000|7.000
Mesh_SM_Mountain01_st09a1|0|10|214.325|-10.000|-209.768|0.000|0.000|0.000|7.000|7.000|7.000
Mesh_SM_Mountain01_st09a1|0|11|255.518|-18.000|-63.093|0.000|-1.414|0.000|7.000|7.000|7.000
Mesh_SM_Mountain01_st09a1|0|12|32.495|-18.500|119.674|0.000|-0.890|0.000|7.000|7.000|7.000
Mesh_SM_MERGED_SplineGaia88|1|0|44.882|-12.000|-224.237|0.000|0.000|0.000|1.000|1.000|1.000
Mesh_SM_MERGED_SplineGaia88|1|1|53.570|-12.000|-228.495|0.000|-1.100|0.000|1.000|1.000|1.000
Mesh_SM_MERGED_SplineGaia199|1|6|66.907|-1.000|-193.439|0.000|-1.763|0.000|1.000|1.000|1.000
Mesh_SM_MERGED_SplineGaia199|1|7|99.137|-1.000|-201.601|0.244|-0.070|0.000|1.000|1.000|1.000
Mesh_SM_MERGED_SplineGaia199|1|8|120.945|-1.000|-213.045|0.000|1.990|0.052|1.000|1.000|1.000
Mesh_SM_MERGED_SplineGaia449|1|0|115.647|-1.000|-175.741|0.000|-0.297|0.000|1.000|1.000|1.000
Mesh_SM_MERGED_SplineGaia436|1|0|162.066|-1.300|-119.840|0.000|0.349|0.000|1.000|1.000|1.000
Mesh_SM_MERGED_SplineGaia436|1|1|162.060|-1.000|-111.097|0.000|0.000|0.000|1.000|1.000|1.000
Mesh_SM_MERGED_SplineGaia445|1|0|167.766|-1.000|-187.577|0.000|0.000|0.000|1.000|1.000|1.000
Mesh_SM_MERGED_SplineGaia445|1|1|163.844|-1.000|-154.281|0.000|-1.658|0.000|1.000|1.000|1.000
Mesh_SM_MERGED_SplineGaia471|1|0|94.248|3.000|-128.034|0.000|0.000|0.000|1.000|1.000|1.000
Mesh_SM_MERGED_SplineGaia473|1|0|88.475|-2.000|-123.223|0.000|0.000|0.000|1.000|1.000|1.000
Mesh_SM_MERGED_SplineGaia475|1|0|90.154|6.000|-121.457|0.000|0.000|0.000|1.000|1.000|1.000
Mesh_SM_MERGED_SplineGaia582|1|0|108.659|3.000|-110.912|0.000|0.000|0.000|1.000|1.000|1.000
Mesh_SM_MERGED_SplineGaia611|1|0|85.927|3.000|-120.562|0.000|0.000|0.000|1.000|1.000|1.000
Mesh_SM_MERGED_SplineGaia784|1|0|90.577|1.300|-96.865|0.000|-0.803|0.000|1.000|1.000|1.000
Mesh_SM_MERGED_SplineGaia726|1|0|87.273|3.000|-90.531|0.000|0.000|0.000|1.000|1.000|1.000
Mesh_SM_MERGED_SplineGaia586|1|0|67.759|0.000|-79.492|0.000|0.000|0.000|1.000|1.000|1.000
Mesh_SM_MERGED_SplineGaia667|1|0|69.385|0.000|-78.460|0.000|0.000|0.000|1.000|1.000|1.000
Mesh_SM_MERGED_SplineGaia667|1|1|31.261|0.000|-74.441|0.000|-1.466|0.000|1.000|1.000|1.000
Mesh_SM_MERGED_SplineGaia791|1|0|35.044|0.000|-76.324|0.000|0.000|0.000|1.000|1.000|1.000
Mesh_SM_MERGED_SplineGaia618|1|0|39.390|0.000|-75.293|0.000|0.000|0.000|1.000|1.000|1.000
Mesh_SM_MERGED_SplineGaia618|1|1|33.809|0.000|-69.985|0.000|0.000|0.000|1.000|1.000|1.000
Mesh_SM_MERGED_SplineGaia618|1|2|64.325|0.000|-34.068|0.000|0.000|0.000|1.000|1.000|1.000
Mesh_SM_MERGED_SplineGaia611|1|1|71.787|0.000|-56.329|0.000|0.000|0.000|1.000|1.000|1.000
Mesh_SM_MERGED_SplineGaia582|1|1|63.055|0.000|-24.441|0.000|2.478|0.000|1.000|1.000|1.000
Mesh_SM_MERGED_SplineGaia88|1|2|88.091|-33.000|-168.744|0.000|1.117|0.000|2.000|2.000|2.000
Mesh_SM_MERGED_SplineGaia88|1|3|89.741|-33.000|-144.549|0.000|1.588|0.000|2.000|2.000|2.000
Mesh_SM_MERGED_SplineGaia88|1|4|33.325|-33.900|-101.005|0.000|0.000|0.000|2.000|2.000|2.000
Mesh_SM_MERGED_SplineGaia88|1|5|52.691|-23.000|-132.710|0.000|0.000|0.000|1.000|1.000|1.000
Mesh_SM_MERGED_SplineGaia88|1|6|35.034|-23.000|-132.083|0.000|0.000|0.000|1.000|1.000|1.000
Mesh_SM_MERGED_SplineGaia618|1|3|33.520|-6.000|-88.405|0.000|2.793|0.000|3.000|3.000|3.000
Mesh_SM_Base01k_st09a1|2|0|121.046|10.100|-174.333|0.000|2.827|0.000|1.500|1.500|1.500
Mesh_SM_Base01k_st09a1|2|1|131.326|10.100|-178.373|0.000|1.396|0.000|1.500|1.500|1.500
Mesh_SM_Snowpack03_st09a1|2|23|125.718|8.900|-175.867|-0.524|0.855|0.000|3.000|3.000|3.000
Mesh_SM_Snowpack02_st09a1|2|90|122.534|6.000|-182.218|-0.017|-0.559|0.541|2.500|2.500|2.500
Mesh_SM_Snowpack03_st09a1|2|24|132.500|6.000|-176.127|0.000|0.000|-0.349|2.000|2.000|2.000
Mesh_SM_Snowpack01_st09a1|2|29|132.717|6.570|-186.839|0.157|0.541|0.000|1.500|1.500|1.500
Mesh_SM_Snowpack02_st09a1|2|91|135.454|6.840|-190.741|0.000|0.000|0.000|1.000|1.000|1.000
Mesh_SM_Base01i_st09a1|2|0|146.458|6.661|-132.041|0.000|0.000|0.000|1.000|1.000|1.000
Mesh_SM_Base01p_st09a1|2|0|141.274|7.800|-127.082|0.000|0.000|0.454|1.000|1.000|1.000
Mesh_SM_Snowpack03_st09a1|0|25|139.958|5.000|-130.472|0.000|0.000|0.000|2.000|2.000|2.000
Mesh_SM_Snowpack02_st09a1|2|92|141.313|6.000|-129.041|0.000|0.000|0.000|1.000|1.000|1.000
Mesh_SM_Snowpack02_st09a1|2|93|104.493|5.000|-125.520|0.000|0.000|0.000|1.000|1.000|1.000
Mesh_SM_Snowpack02_st09a1|2|94|106.174|5.100|-123.870|0.000|-1.117|0.000|1.000|1.000|1.000
Mesh_SM_Base01p_st09a1|2|1|142.611|5.000|-132.476|0.000|0.000|0.000|1.000|1.000|1.000
Mesh_SM_Base01p_st09a1|2|2|100.587|7.000|-132.488|1.571|0.000|0.000|1.000|1.000|1.000
Mesh_SM_Base01p_st09a1|2|3|100.404|6.000|-130.351|0.000|0.000|0.000|1.000|1.000|1.000
Mesh_SM_MERGED_Tree01a_st09a1|2|1|104.814|6.000|-128.463|0.000|-1.571|0.000|1.000|1.000|1.000
Mesh_SM_MERGED_Tree01a_st09a1|2|3|105.314|6.000|-129.393|0.000|-1.484|0.000|1.100|1.100|1.100
Mesh_SM_MERGED_Tree01a_st09a1|2|4|105.576|6.000|-130.228|0.000|-2.356|0.000|1.000|1.000|1.000
Mesh_SM_MERGED_Tree01a_st09a1|2|5|105.274|5.700|-131.505|0.000|-0.506|0.000|1.200|1.200|1.200
Mesh_SM_MERGED_Tree01a_st09a1|2|8|103.616|5.000|-132.221|0.000|0.000|0.000|1.000|1.000|1.000
Mesh_SM_MERGED_Tree01a_st09a1|2|9|103.970|5.000|-126.424|0.000|0.000|0.000|1.100|1.100|1.100
Mesh_SM_MERGED_Tree01a_st09a1|2|35|153.609|6.000|-173.940|0.000|0.349|0.000|1.300|1.300|1.300
Mesh_SM_MERGED_Tree01a_st09a1|2|36|125.970|6.000|-160.460|0.000|-0.768|0.000|1.400|1.400|1.400
Mesh_SM_MERGED_Tree01c_st09a1|2|2|134.178|4.700|-135.912|0.000|-1.257|0.000|1.300|1.300|1.300
Mesh_SM_MERGED_Tree01a_st09a1|2|37|86.724|4.000|-112.735|0.000|-2.042|0.000|1.400|1.400|1.400
Mesh_SM_MERGED_Tree01a_st09a1|2|38|85.422|4.000|-112.881|0.000|-1.326|0.000|1.000|1.000|1.000
Mesh_SM_MERGED_Tree01a_st09a1|2|39|86.175|4.000|-108.776|0.000|-1.763|0.000|1.000|1.000|1.000
Mesh_SM_MERGED_Tree01a_st09a1|2|40|88.389|4.000|-99.371|0.000|-2.199|0.000|1.000|1.000|1.000
Mesh_SM_MERGED_Tree01a_st09a1|2|41|94.245|5.000|-103.984|0.000|-1.396|0.000|1.000|1.000|1.000
Mesh_SM_MERGED_Tree01a_st09a1|2|42|105.273|5.000|-110.471|0.000|-1.676|0.000|1.000|1.000|1.000
