Mesh_Boss_Room|0|0|0.000|0.000|0.000|0.000|0.732|0.000|1.000|1.000|1.000
Mesh_Boss_Roomground|0|0|0.000|0.800|0.000|0.000|0.000|0.000|1.000|1.000|1.000
Mesh_Gaia_A|5|0|-9.571|-5.600|21.095|-0.052|0.000|-0.175|1.000|1.000|1.000
Mesh_Gaia_A|5|1|3.296|-5.900|22.620|0.052|3.072|0.140|1.000|1.000|1.000
Mesh_Gray_RockL|5|0|1.567|0.400|21.428|0.000|0.000|0.000|1.000|1.000|1.000
Mesh_Gray_RockM|5|0|3.241|0.000|20.858|0.000|0.000|0.000|1.000|1.000|1.000
Mesh_Gray_Rock1|5|0|3.105|0.000|20.479|0.000|0.000|0.000|1.000|1.000|1.000
Mesh_Gray_Rock1|5|1|-0.411|0.000|23.543|0.646|0.122|0.000|3.000|3.000|3.000
Mesh_Gray_RockL|5|1|3.314|-0.800|22.681|0.000|0.698|-0.157|1.000|1.000|1.000
Mesh_Gray_RockM|5|1|-7.957|0.300|21.638|0.000|0.000|0.000|3.000|3.000|3.000
Mesh_Gray_Rock1|5|2|-8.940|0.500|18.416|0.000|0.000|0.000|3.000|3.000|3.000
Mesh_Big_Grayrock|5|0|-10.851|0.000|21.713|0.000|0.000|0.000|1.000|1.000|1.000
Mesh_ConcWall_B|5|0|-11.448|0.000|15.909|0.000|0.000|0.000|1.000|1.000|1.000
Mesh_LawnS_Wall|5|0|-14.187|1.000|16.016|0.314|-0.628|0.175|2.000|2.000|2.000
Mesh_Gray_RockL|5|2|-17.996|0.400|14.184|-0.122|0.070|2.496|1.000|1.000|1.000
Mesh_Gray_RockM|5|2|-15.123|0.000|12.886|0.000|0.000|0.000|1.000|1.000|1.000
Mesh_Gray_RockM|5|3|-15.743|0.000|12.523|0.000|0.000|0.000|1.000|1.000|1.000
Mesh_Gray_RockM|5|4|4.713|0.000|20.456|0.000|0.000|0.000|1.000|1.000|1.000
Mesh_Gray_RockM|5|5|3.816|0.000|20.081|0.000|0.000|0.000|1.000|1.000|1.000
Mesh_Gray_RockM|5|6|2.802|0.000|20.159|0.000|0.000|0.000|1.000|1.000|1.000
Mesh_Gray_RockM|5|7|4.956|0.000|21.420|0.000|0.000|0.000|1.000|1.000|1.000
Mesh_Big_Grayrock|5|1|7.129|-2.600|21.225|0.000|0.000|0.000|1.000|1.000|1.000
Mesh_Gray_Rock2|5|0|-12.435|0.000|18.008|0.000|0.000|0.000|1.000|1.000|1.000
Mesh_Gray_Rock2|5|1|-16.256|0.000|16.306|0.000|0.000|0.000|1.000|1.000|1.000
Mesh_Gray_Rock2|5|2|-13.880|0.000|17.017|0.000|0.000|0.000|1.000|1.000|1.000
Mesh_Gray_RockL|5|3|5.544|0.000|24.316|0.000|0.000|0.000|1.000|1.000|1.000
Mesh_Base_Ground|1|2|-7.472|0.000|25.998|0.000|0.000|0.000|1.000|1.000|1.000
Mesh_Base_Ground|1|3|-2.475|0.000|25.998|0.000|0.000|0.000|1.000|1.000|1.000
Mesh_Base_Ground|1|4|-12.481|0.000|30.996|0.000|0.000|0.000|1.000|1.000|1.000
Mesh_Base_Ground|1|5|-7.487|-0.000|30.996|0.000|0.000|0.000|1.000|1.000|1.000
Mesh_Base_Ground|1|6|-7.484|0.000|35.993|0.000|0.000|0.000|1.000|1.000|1.000
Mesh_Base_Ground|1|7|-2.487|0.000|35.993|0.000|0.000|0.000|1.000|1.000|1.000
Mesh_Base_Ground|1|8|-12.481|0.000|35.993|0.000|0.000|0.000|1.000|1.000|1.000
Mesh_Base_Ground|1|9|-2.490|0.000|30.996|0.000|0.000|0.000|1.000|1.000|1.000
Mesh_Car_Trunck|5|0|2.733|0.300|26.415|-0.367|0.140|-0.244|1.000|1.000|1.000
Mesh_Wall_Grayrock|5|0|1.789|-1.200|25.146|0.000|0.000|0.000|1.000|1.000|1.000
Mesh_Wall_Grayrock|5|1|2.256|0.000|29.151|1.676|-0.349|-1.379|1.000|1.000|1.000
Mesh_LawnS_Wall|5|1|1.062|0.800|30.679|-0.192|1.292|-0.524|1.000|1.000|1.000
Mesh_GrayStoneFloorS|5|0|0.270|0.700|32.566|0.052|-0.105|0.454|1.000|1.000|1.000
Mesh_Gray_Rock1|5|3|1.030|0.500|34.168|0.995|1.117|0.890|4.000|4.000|4.000
Mesh_Floor_Mud|1|0|-7.445|0.120|18.621|0.000|0.000|-0.003|1.000|1.000|1.000
Mesh_Floor_Mud|1|1|-2.476|0.120|18.830|0.000|0.000|0.000|1.000|1.000|1.000
Mesh_GrayStoneFloorL|5|0|-5.480|0.090|22.147|0.234|0.000|0.005|1.000|1.000|1.000
Mesh_GrayStoneFloorM|5|0|-1.932|0.230|20.972|0.262|0.000|0.000|1.000|1.000|1.000
Mesh_GrayStoneFloorS|5|1|-2.103|0.140|24.321|0.019|0.007|0.000|1.000|1.000|1.000
Mesh_GrayStoneFloorS|5|2|-0.112|0.110|25.842|0.000|-0.559|0.000|1.000|1.000|1.000
Mesh_Floor_Mud|1|2|-0.910|0.060|23.755|0.000|0.646|0.000|1.000|1.000|1.000
Mesh_Floor_Mud|1|3|-5.895|0.070|23.256|0.000|1.239|0.000|1.000|1.000|1.000
Mesh_Wall_Grayrock|5|2|-7.874|0.070|26.146|0.000|0.000|0.000|1.000|1.000|1.000
Mesh_Gray_RockM|5|8|-7.797|0.000|29.195|0.000|0.000|0.000|1.000|1.000|1.000
Mesh_Gray_RockM|5|9|-9.698|0.000|29.100|0.000|2.443|0.000|2.000|2.000|2.000
Mesh_Gray_RockM|5|10|-12.478|0.000|30.026|0.000|0.000|0.000|3.000|3.000|3.000
Mesh_Gray_RockM|5|11|-9.812|0.000|32.307|0.000|-0.384|0.000|2.500|2.500|2.500
Mesh_Car_Taxi|5|0|-8.983|-0.000|30.592|-0.611|-0.035|0.000|1.000|1.000|1.000
Mesh_Big_Fencerack|5|0|-9.764|1.020|28.964|0.000|0.000|0.000|1.000|1.000|1.000
Mesh_Gaia_A|5|2|-8.205|-7.680|22.145|0.384|-0.175|0.000|1.000|1.000|1.000
Mesh_Gray_RockL|5|4|-11.434|0.000|26.020|0.000|0.000|0.000|1.000|1.000|1.000
Mesh_SignboardA|5|0|-9.791|0.000|28.880|0.506|0.297|0.000|1.000|1.000|1.000
Mesh_StreetLight|5|0|-7.103|0.000|28.326|0.000|0.000|0.000|1.000|1.000|1.000
Mesh_Wood_Box|5|0|-11.944|-0.000|27.760|0.000|0.000|0.000|1.000|1.000|1.000
Mesh_Wood_Box|5|1|2.953|0.000|32.732|-0.716|-0.035|0.000|1.000|1.000|1.000
Mesh_Base_Ground|1|1|2.510|0.000|40.990|0.000|0.000|0.000|1.000|1.000|1.000
Mesh_Base_Ground|1|10|2.510|0.000|35.993|0.000|0.000|0.000|1.000|1.000|1.000
Mesh_Base_Ground|1|11|-2.487|0.000|40.990|0.000|0.000|0.000|1.000|1.000|1.000
Mesh_Base_Ground|1|12|-7.484|-0.000|40.990|0.000|0.000|0.000|1.000|1.000|1.000
Mesh_Base_Ground|1|13|-12.481|0.000|40.990|0.000|0.000|0.000|1.000|1.000|1.000
Mesh_Gaia_A|5|3|7.452|-6.320|35.665|0.000|0.000|0.750|1.000|1.000|1.000
Mesh_LawnS_Wall|5|2|-0.471|-0.200|37.358|0.000|1.571|0.000|1.500|1.500|1.500
Mesh_Gray_Rock1|5|4|-0.754|-0.020|33.320|0.593|0.367|0.000|2.000|2.000|2.000
Mesh_Wall_Grayrock|5|3|1.969|-0.200|38.100|0.000|-0.681|0.000|1.000|1.000|1.000
Mesh_Base_Ground|1|14|-14.867|0.000|45.987|0.000|0.000|0.000|1.000|1.000|1.000
Mesh_Base_Ground|1|15|-9.870|0.000|45.987|0.000|0.000|0.000|1.000|1.000|1.000
Mesh_Base_Ground|1|16|-14.269|0.000|50.984|0.000|0.000|0.000|1.000|1.000|1.000
Mesh_Base_Ground|1|17|-12.739|0.000|55.981|0.000|0.000|0.000|1.000|1.000|1.000
Mesh_Base_Ground|1|19|5.121|0.000|45.987|0.000|0.000|0.000|1.000|1.000|1.000
Mesh_Base_Ground|1|20|5.719|0.000|50.984|0.000|0.000|0.000|1.000|1.000|1.000
Mesh_Base_Ground|1|21|2.252|0.000|55.981|0.000|0.000|0.000|1.000|1.000|1.000
Mesh_Base_Ground|1|22|-0.784|0.000|60.978|0.000|0.000|0.000|1.000|1.000|1.000
Mesh_Car_Trunck|5|1|0.695|0.940|43.315|0.000|0.087|-1.641|1.000|1.000|1.000
Mesh_Gray_Rock2|5|3|-0.412|0.000|44.585|-1.222|-0.384|0.000|1.000|1.000|1.000
Mesh_Gray_RockL|5|5|5.038|0.000|45.823|0.000|0.000|0.000|1.000|1.000|1.000
Mesh_BrickFloorL|5|0|5.217|0.760|40.362|0.052|0.611|-0.471|1.000|1.000|1.000
Mesh_Drmu_fire|5|0|3.675|0.000|43.843|0.000|0.000|0.000|2.000|2.000|2.000
Mesh_Gaia_A|5|4|7.093|-5.100|49.773|0.000|0.000|0.000|1.000|1.000|1.000
Mesh_Gaia_A|5|5|6.971|-7.000|53.745|-0.035|0.105|0.436|1.000|1.000|1.000
Mesh_Gray_RockM|5|12|4.280|0.000|50.432|0.000|0.000|0.000|2.000|2.000|2.000
Mesh_RubblA_L_Org|5|0|4.237|-0.000|47.686|0.000|0.000|0.000|1.000|1.000|1.000
Mesh_RubblA_L_Org|5|1|5.591|-0.400|52.333|0.175|2.566|-0.035|1.000|1.000|1.000
Mesh_Base_Ground|1|23|-4.873|0.000|45.987|0.000|0.000|0.000|1.000|1.000|1.000
Mesh_Base_Ground|1|24|0.124|0.000|45.987|0.000|0.000|0.000|1.000|1.000|1.000
Mesh_Base_Ground|1|25|-9.272|0.000|50.984|0.000|0.000|0.000|1.000|1.000|1.000
Mesh_Base_Ground|1|26|-4.275|0.000|50.984|0.000|0.000|0.000|1.000|1.000|1.000
Mesh_Base_Ground|1|27|0.722|-0.000|50.984|0.000|0.000|0.000|1.000|1.000|1.000
Mesh_Base_Ground|1|28|-7.742|0.000|55.981|0.000|0.000|0.000|1.000|1.000|1.000
Mesh_Base_Ground|1|29|-2.745|-0.000|55.981|0.000|0.000|0.000|1.000|1.000|1.000
Mesh_Base_Ground|1|30|-10.743|-0.000|60.978|0.000|0.000|0.000|1.000|1.000|1.000
Mesh_Base_Ground|1|31|-7.863|0.000|65.975|0.000|0.000|0.000|1.000|1.000|1.000
Mesh_Base_Ground|1|32|-2.866|0.000|65.975|0.000|0.000|0.000|1.000|1.000|1.000
Mesh_Base_Ground|1|33|-5.363|0.000|78.466|0.000|0.000|0.000|2.000|2.000|2.000
Mesh_Base_Ground|1|34|-11.086|0.000|88.464|0.000|0.000|0.000|2.000|2.000|2.000
Mesh_Base_Ground|1|35|2.131|0.000|75.969|0.000|0.000|0.000|1.000|1.000|1.000
Mesh_Base_Ground|1|36|2.131|0.000|80.966|0.000|0.000|0.000|1.000|1.000|1.000
Mesh_Base_Ground|1|37|-1.086|0.000|88.464|0.000|0.000|0.000|2.000|2.000|2.000
Mesh_Base_Ground|1|38|-3.584|0.000|95.951|0.000|0.000|0.000|1.000|1.000|1.000
Mesh_Base_Ground|1|39|1.413|0.000|95.951|0.000|0.000|0.000|1.000|1.000|1.000
Mesh_Base_Ground|1|40|8.907|0.000|103.449|0.000|0.000|0.000|2.000|2.000|2.000
Mesh_Base_Ground|1|41|-1.090|0.000|103.449|0.000|0.000|0.000|2.000|2.000|2.000
Mesh_Base_Ground|1|43|-18.146|0.000|92.260|0.000|0.000|0.000|1.000|1.000|1.000
Mesh_Base_Ground|1|53|-5.781|0.000|60.978|0.000|0.000|0.000|1.000|1.000|1.000
Mesh_Base_Ground|1|54|2.960|-0.000|59.722|0.000|0.000|0.000|0.500|0.500|0.500
Mesh_Base_Ground|1|55|2.960|0.000|62.221|0.000|0.000|0.000|0.500|0.500|0.500
Mesh_Base_Ground|1|56|2.131|0.000|65.975|0.000|0.000|0.000|1.000|1.000|1.000
Mesh_Big_Fencerack|5|1|-0.473|0.460|41.623|-1.606|-0.419|0.000|1.200|1.200|1.200
Mesh_Gaia_A|3|6|6.884|-9.040|47.847|0.105|-2.059|0.384|1.000|1.000|1.000
Mesh_Gray_Rock1|5|5|0.214|0.000|47.200|-0.436|1.326|0.000|3.000|3.000|3.000
Mesh_GrayStoneFloorS|5|3|3.101|1.040|51.093|0.838|3.997|-0.349|1.000|1.000|1.000
Mesh_StreetLight|5|1|1.802|0.000|52.293|0.000|0.000|0.000|1.000|1.000|1.000
Mesh_StreetLight|5|2|0.249|0.000|37.710|0.000|0.000|0.000|1.000|1.000|1.000
Mesh_StreetLight|5|3|1.891|0.000|48.150|0.000|0.000|0.000|1.000|1.000|1.000
Mesh_StreetLight|5|4|-12.122|0.000|33.756|0.000|0.000|0.000|1.000|1.000|1.000
Mesh_RubblA_L_Org|5|2|2.573|0.000|55.445|0.000|0.000|0.000|1.000|1.000|1.000
Mesh_RubblA_L_Org|5|3|-13.365|0.000|29.151|0.000|0.000|0.000|1.000|1.000|1.000
Mesh_RubblA_L_Org|5|4|3.415|0.000|52.832|0.000|0.000|0.000|1.000|1.000|1.000
Mesh_ConcWall_B|5|1|8.063|0.000|55.060|0.000|0.000|0.000|1.000|1.000|1.000
Mesh_Drmu_fire|5|1|2.367|0.480|48.488|1.571|-0.716|-0.122|2.000|2.000|2.000
Mesh_ConcWall_B|5|2|5.056|0.000|58.394|0.000|0.000|0.314|1.000|1.000|1.000
Mesh_Pole_Stage1|5|0|1.313|0.000|56.852|0.000|0.000|0.000|1.000|1.000|1.000
Mesh_Wall_Grayrock|5|4|2.561|0.780|62.854|1.553|-0.209|0.279|1.000|1.000|1.000
Mesh_Wall_Grayrock|5|5|1.278|0.780|67.804|1.571|0.157|0.000|1.000|1.000|1.000
Mesh_Gray_RockL|5|6|4.858|0.000|65.442|0.000|0.000|0.000|1.000|1.000|1.000
Mesh_Gray_RockL|5|7|4.057|0.000|68.494|0.000|1.571|0.000|1.000|1.000|1.000
Mesh_Gray_RockM|5|13|3.774|3.000|64.979|0.000|0.000|0.000|3.000|3.000|3.000
Mesh_Car_Red|5|0|4.026|1.500|60.737|-0.349|0.035|0.000|1.000|1.000|1.000
Mesh_Gray_Rock2|5|4|4.352|-0.900|60.347|0.000|0.000|0.000|1.000|1.000|1.000
Mesh_ArchA|5|0|0.817|0.000|42.644|0.000|-1.571|0.000|1.000|1.000|1.000
Mesh_Wood_Box2|5|0|4.104|-0.000|36.406|0.000|0.000|0.000|1.000|1.000|1.000
Mesh_Wood_Box2|5|1|3.215|-0.000|35.824|0.000|0.000|0.000|1.000|1.000|1.000
Mesh_Wood_Box2|5|2|0.369|0.000|48.499|0.000|0.000|0.000|1.000|1.000|1.000
Mesh_Wood_Box2|5|3|-0.230|0.000|49.514|0.000|-0.471|0.000|1.000|1.000|1.000
Mesh_Fence_Stage1|5|0|1.450|1.740|29.822|0.576|1.571|0.000|1.000|1.000|1.000
Mesh_RubblA_L_Org|5|5|4.518|0.000|34.228|0.000|0.000|0.000|1.000|1.000|1.000
Mesh_RubblA_L_Org|5|6|6.181|0.700|36.619|0.000|0.000|0.000|1.000|1.000|1.000
Mesh_Gray_RockL|5|8|6.715|1.200|43.452|0.000|0.000|0.000|1.000|1.000|1.000
Mesh_Pole_Stage1|5|1|-0.427|1.100|41.181|0.000|0.000|0.000|1.000|1.000|1.000
Mesh_Gray_Rock2|5|5|-11.683|-0.000|35.161|0.000|0.000|0.000|1.000|1.000|1.000
Mesh_Gray_Rock2|5|6|-11.724|0.560|34.493|-1.588|0.000|0.000|1.000|1.000|1.000
Mesh_Gray_RockL|5|9|-10.863|0.000|35.632|0.000|0.000|0.000|1.000|1.000|1.000
Mesh_Gray_RockL|5|10|-13.807|0.000|37.201|0.000|0.000|0.000|1.000|1.000|1.000
Mesh_ConcWall_B|5|3|-14.676|0.000|43.238|0.000|-1.571|0.000|1.000|1.000|1.000
Mesh_Car_Red|5|1|-10.480|0.000|39.187|0.000|-0.559|0.000|1.000|1.000|1.000
Mesh_ConcWall_B|5|4|-12.037|0.000|41.156|0.000|0.000|0.000|1.000|1.000|1.000
Mesh_ConcWall_B|5|5|-16.268|1.380|43.384|0.000|1.571|0.000|1.000|1.000|1.000
Mesh_Gaia_A|5|7|-12.762|-8.540|47.302|0.000|-2.461|0.052|1.000|1.000|1.000
Mesh_Gaia_A|5|8|-15.668|-6.580|53.311|0.000|0.000|0.000|1.000|1.000|1.000
Mesh_Gray_Rock1|5|6|-12.379|0.000|46.284|0.000|1.571|0.000|3.000|3.000|3.000
Mesh_Gray_Rock2|5|7|-14.006|-0.000|48.573|0.000|0.000|0.000|1.000|1.000|1.000
Mesh_Wood_Box2|5|4|-12.557|0.000|48.844|0.000|0.000|0.000|1.000|1.000|1.000
Mesh_Wood_Box2|5|5|-11.211|0.000|48.175|0.000|0.000|0.000|1.000|1.000|1.000
Mesh_Gray_Rock1|5|7|-12.477|-0.000|47.215|0.000|0.000|0.000|2.500|2.500|2.500
Mesh_Gray_Rock1|5|8|-11.855|1.100|46.477|0.000|0.000|0.000|1.000|1.000|1.000
Mesh_Wall_Grayrock|5|6|-15.286|1.100|50.137|0.000|0.000|0.000|1.000|1.000|1.000
Mesh_Gray_RockM|5|14|-12.499|1.100|45.355|0.000|0.000|0.000|1.000|1.000|1.000
Mesh_ConcWall_B|5|6|-12.617|0.000|54.835|0.070|-1.571|0.000|1.000|1.000|1.000
Mesh_Drmu_fire|5|2|-13.787|2.300|46.665|0.000|0.000|0.000|1.000|1.000|1.000
Mesh_Gray_RockM|5|15|-13.753|2.300|45.577|0.000|0.000|0.000|1.000|1.000|1.000
Mesh_ConcWall_B|5|7|-13.459|0.100|56.058|0.070|0.000|0.000|1.000|1.000|1.000
Mesh_ConcWall_B|5|8|-13.763|0.800|57.294|0.000|0.000|0.000|1.000|1.000|1.000
Mesh_ConcWall_B|5|9|-14.036|1.300|58.760|0.000|-0.646|0.000|1.000|1.000|1.000
Mesh_ConcPillar|5|0|-14.575|1.300|61.233|1.868|0.436|0.000|1.000|1.000|1.000
Mesh_Big_Grayrock|5|2|-17.950|0.000|63.611|0.000|0.000|0.000|1.000|1.000|1.000
Mesh_Gaia_A|5|9|-13.266|-5.960|61.553|0.000|0.000|0.000|1.000|1.000|1.000
Mesh_Gaia_A|5|10|-16.965|-3.480|59.519|0.192|0.925|0.000|1.000|1.000|1.000
Mesh_Big_Grayrock|5|3|-11.784|0.000|65.699|0.000|0.000|0.000|1.000|1.000|1.000
Mesh_RubblA_L_Org|5|7|-11.555|0.000|59.832|0.000|0.000|0.000|1.000|1.000|1.000
Mesh_Car_Trunck|5|2|-12.568|2.200|56.331|0.175|-0.070|3.421|1.000|1.000|1.000
Mesh_Concrete_WallB|5|0|-10.778|0.000|63.592|0.000|0.000|0.000|1.000|1.000|1.000
Mesh_Concrete_WallA|5|0|-10.818|1.340|61.969|1.833|-0.663|0.000|1.000|1.000|1.000
Mesh_Concrete_WallC|5|0|-18.332|0.000|38.954|0.750|0.908|0.000|1.000|1.000|1.000
Mesh_ConcWall_B|5|10|-10.053|0.000|69.140|0.000|0.000|0.000|1.000|1.000|1.000
Mesh_Concrete_WallE|5|0|-14.136|0.000|73.613|-0.925|0.000|0.000|0.800|0.800|0.800
Mesh_Concrete_WallD|5|0|-17.465|0.000|66.980|0.000|0.000|0.000|1.000|1.000|1.000
Mesh_Wood_Box2|5|6|-8.232|-0.000|68.562|0.000|-0.611|0.000|1.000|1.000|1.000
Mesh_Wood_Box2|5|7|-7.609|-0.000|69.660|0.000|-0.960|0.000|1.000|1.000|1.000
Mesh_Concrete_WallC|5|1|-17.152|0.880|36.145|0.489|2.321|0.000|1.000|1.000|1.000
Mesh_Concrete_WallA|5|1|2.853|0.000|58.325|0.000|1.571|0.000|1.000|1.000|1.000
Mesh_Concrete_WallB|5|1|2.353|0.000|72.694|0.000|0.000|0.000|1.000|1.000|1.000
Mesh_Concrete_WallB|5|2|5.303|0.000|70.807|0.000|0.000|0.000|1.000|1.000|1.000
Mesh_ConcWall_B|5|11|5.514|0.000|73.327|0.000|0.000|0.000|1.000|1.000|1.000
Mesh_Concrete_WallE|5|1|10.235|-0.000|75.531|-1.239|1.204|0.000|1.000|1.000|1.000
Mesh_StreetLight|5|5|-8.598|0.000|67.638|0.000|0.000|0.000|1.000|1.000|1.000
Mesh_StreetLight|5|6|0.585|0.000|63.945|0.000|0.000|0.000|1.000|1.000|1.000
Mesh_StreetLight|5|7|-10.951|0.000|53.381|0.000|0.000|0.000|1.000|1.000|1.000
Mesh_LawnS_Wall|5|3|3.027|1.000|59.119|1.466|1.868|1.361|1.000|1.000|1.000
Mesh_Gray_RockL|5|11|7.646|1.100|59.645|0.000|0.000|0.000|1.000|1.000|1.000
Mesh_Wall_Grayrock|5|7|8.968|1.100|57.078|0.000|0.000|0.000|1.000|1.000|1.000
Mesh_Wall_Grayrock|5|8|9.199|-0.200|55.031|-0.716|0.768|-0.716|1.000|1.000|1.000
Mesh_Concrete_WallE|5|2|12.802|0.300|54.188|0.681|-1.466|0.000|1.000|1.000|1.000
Mesh_Gray_RockL|5|12|8.783|0.300|51.924|0.000|0.000|0.000|1.000|1.000|1.000
Mesh_Gray_RockL|5|13|9.042|1.300|54.003|0.000|0.000|0.000|1.000|1.000|1.000
Mesh_Concrete_WallD|5|1|7.305|1.600|46.978|1.117|-3.316|-0.628|1.000|1.000|1.000
Mesh_Wall_Grayrock|5|9|7.696|1.300|47.264|-0.017|0.332|0.000|2.000|2.000|2.000
Mesh_Fence_Stage1|5|1|-12.271|1.200|41.814|0.000|0.000|0.000|1.000|1.000|1.000
Mesh_Concrete_WallA|5|2|-15.764|2.500|41.803|-0.942|-2.967|0.000|1.000|1.000|1.000
Mesh_Concrete_WallB|5|3|-13.138|1.300|69.932|0.000|0.000|0.000|1.000|1.000|1.000
Mesh_Wood_Box2|5|8|-7.709|1.000|69.724|0.000|0.000|0.000|1.000|1.000|1.000
Mesh_Wall_Grayrock|5|10|-22.332|-0.000|57.020|0.000|0.000|0.000|3.000|3.000|3.000
Mesh_Concrete_WallD|5|2|-18.417|2.900|47.047|2.164|-1.955|0.000|1.500|1.500|1.500
Mesh_Car_Trunck|5|3|1.738|0.900|78.878|0.000|0.017|-1.571|1.000|1.000|1.000
Mesh_Concrete_WallC|5|2|-0.412|0.900|76.696|1.292|-2.967|0.070|0.500|0.500|0.500
Mesh_Gray_RockM|5|16|-0.062|0.400|74.918|0.000|0.000|0.000|2.000|2.000|2.000
Mesh_Gaia_A|5|11|1.559|-9.900|83.759|-0.506|0.122|0.000|1.000|1.000|1.000
Mesh_StreetLight|5|8|-0.442|-0.000|79.801|0.000|0.000|0.000|1.000|1.000|1.000
Mesh_Big_Grayrock|5|4|-10.143|0.000|75.960|0.000|0.000|0.000|1.200|1.200|1.200
Mesh_ConcPillar|5|1|-11.500|0.600|71.758|-1.274|1.257|0.000|1.000|1.000|1.000
Mesh_Gaia_A|5|12|-16.058|-7.400|72.148|0.000|-0.349|-0.646|1.000|1.000|1.000
Mesh_Gray_RockM|5|17|-12.277|1.200|70.294|0.000|0.000|0.000|1.000|1.000|1.000
Mesh_Car_Yellow|5|0|-10.664|5.500|76.466|0.140|0.035|0.000|1.000|1.000|1.000
Mesh_Gaia_A|5|13|-10.365|-6.600|75.728|0.052|0.017|-0.175|1.000|1.000|1.000
Mesh_Gaia_A|5|14|-9.783|-8.500|74.821|-0.035|-0.017|-0.070|1.000|1.000|1.000
Mesh_Car_Taxi|5|1|0.886|1.000|72.221|0.367|-0.611|0.000|1.000|1.000|1.000
Mesh_SignboardA|5|1|0.594|0.000|71.236|-0.035|-0.070|-0.192|1.000|1.000|1.000
Mesh_Big_Grayrock|5|5|-11.068|0.000|80.588|-0.995|0.890|0.000|1.000|1.000|1.000
Mesh_Big_Grayrock|5|6|-13.264|0.200|81.737|0.628|-0.489|0.157|1.000|1.000|1.000
Mesh_Big_Grayrock|5|7|-16.953|-0.300|82.487|0.890|-2.705|0.000|1.000|1.000|1.000
Mesh_Big_Grayrock|5|8|-21.463|-1.300|81.108|1.134|-2.112|0.000|1.000|1.000|1.000
Mesh_ConcWall_B|5|12|-10.906|0.600|17.634|-0.384|0.279|-0.035|1.000|1.000|1.000
Mesh_Gray_RockM|5|18|-12.390|1.500|16.104|0.000|0.000|0.000|1.000|1.000|1.000
Mesh_Gaia_A|5|15|-11.662|-4.400|80.760|-0.087|2.862|0.244|1.000|1.000|1.000
Mesh_Gaia_A|5|16|-16.988|-5.800|82.318|-0.035|0.175|0.000|1.000|1.000|1.000
Mesh_Concrete_WallD|5|3|-13.998|3.100|80.043|0.000|0.000|0.000|1.000|1.000|1.000
Mesh_Concrete_WallC|5|3|-13.696|1.700|79.620|0.000|0.000|0.000|1.000|1.000|1.000
Mesh_ConcPillar|5|2|-17.376|3.200|80.868|0.175|0.052|0.942|1.000|1.000|1.000
Mesh_GrayStoneFloorS|5|4|-4.161|0.130|23.255|0.000|0.000|0.000|1.000|1.000|1.000
Mesh_GrayStoneFloorM|5|1|-3.615|0.100|24.168|0.000|0.000|0.000|1.000|1.000|1.000
Mesh_Base_Ground|1|42|6.410|-0.000|95.951|0.000|0.000|0.000|1.000|1.000|1.000
Mesh_Base_Ground|1|58|11.407|0.000|95.951|0.000|0.000|0.000|1.000|1.000|1.000
Mesh_Big_Grayrock|5|9|5.001|-0.200|83.664|0.754|-0.051|0.000|1.000|1.000|1.000
Mesh_Concrete_WallA|5|3|4.161|0.000|81.810|0.000|0.000|0.000|1.000|1.000|1.000
Mesh_Concrete_WallB|5|4|5.957|0.400|79.834|0.785|0.000|0.000|1.000|1.000|1.000
Mesh_Concrete_WallB|5|5|5.171|0.200|90.699|0.000|0.785|0.000|1.000|1.000|1.000
Mesh_Concrete_WallB|5|6|6.969|0.200|90.292|0.000|0.000|0.000|1.000|1.000|1.000
Mesh_ConcWall_B|5|13|8.990|0.200|92.039|0.000|0.000|0.000|1.000|1.000|1.000
Mesh_ConcWall_B|5|14|10.250|0.600|89.216|0.000|0.000|0.000|1.000|1.000|1.000
Mesh_Concrete_WallA|5|4|7.089|2.000|88.243|2.094|3.142|0.000|1.000|1.000|1.000
Mesh_Concrete_WallD|5|4|7.114|1.500|92.931|-1.222|0.000|0.000|1.000|1.000|1.000
Mesh_Car_Trunck|5|4|6.705|2.200|88.747|-0.698|0.000|0.000|1.000|1.000|1.000
Mesh_Gaia_A|5|17|10.309|-6.300|89.435|-0.052|-4.171|0.506|1.000|1.000|1.000
Mesh_Gaia_A|5|18|5.674|-10.700|92.779|0.157|-1.815|0.000|1.000|1.000|1.000
Mesh_Gaia_A|5|19|6.872|-4.400|82.388|0.000|0.000|0.384|1.000|1.000|1.000
Mesh_Wall_Grayrock|5|11|8.554|2.400|68.700|0.000|0.349|0.000|2.500|2.500|2.500
Mesh_Big_Grayrock|5|10|11.031|0.200|76.389|0.000|0.000|0.000|1.000|1.000|1.000
Mesh_Big_Grayrock|5|11|9.244|0.200|81.926|1.326|-0.401|0.000|1.000|1.000|1.000
Mesh_StreetLight|5|9|2.669|0.000|87.732|0.000|0.000|0.000|1.000|1.000|1.000
Mesh_Gaia_A|6|20|-8.860|-4.100|95.925|-0.367|-0.175|0.000|1.000|1.000|1.000
Mesh_Gaia_A|6|21|-6.976|-4.600|95.230|0.122|-0.035|-0.122|1.000|1.000|1.000
Mesh_Big_Grayrock|6|12|-11.793|0.000|95.052|1.292|-0.977|0.000|1.000|1.000|1.000
Mesh_Concrete_WallC|6|4|-2.614|0.000|101.709|-1.047|1.571|0.000|1.000|1.000|1.000
Mesh_Gray_RockM|6|19|-4.775|-0.000|97.816|0.000|0.000|0.000|3.000|3.000|3.000
Mesh_Wall_Grayrock|6|12|-3.079|-1.600|97.335|0.000|-0.873|0.000|1.000|1.000|1.000
Mesh_Base_Ground|1|59|21.404|0.000|115.940|0.000|0.000|0.000|3.000|3.000|3.000
Mesh_Base_Ground|1|60|18.903|0.000|103.447|0.000|0.000|0.000|2.000|2.000|2.000
Mesh_Base_Ground|1|61|16.385|0.000|96.062|0.000|0.000|0.000|1.000|1.000|1.000
Mesh_Base_Ground|1|64|6.406|0.000|115.942|0.000|0.000|0.000|3.000|3.000|3.000
Mesh_Gray_RockL|6|14|13.072|0.000|94.526|-0.838|-1.047|0.000|1.000|1.000|1.000
Mesh_Big_Grayrock|6|13|17.490|0.000|96.493|1.012|1.676|0.000|1.000|1.000|1.000
Mesh_Concrete_WallA|6|5|10.513|0.000|96.919|-0.140|-0.087|0.000|1.000|1.000|1.000
Mesh_Gaia_A|6|23|23.425|-3.400|101.199|0.000|0.000|0.000|1.000|1.000|1.000
Mesh_Gaia_A|6|24|23.597|-4.000|107.039|0.035|0.000|0.262|1.000|1.000|1.000
Mesh_Concrete_WallB|6|7|20.129|0.000|102.367|0.000|0.908|0.000|1.000|1.000|1.000
Mesh_Concrete_WallB|6|8|21.501|0.000|105.350|0.000|0.000|0.000|1.000|1.000|1.000
Mesh_Base_Ground|1|65|-3.586|-0.000|110.935|0.000|0.000|0.000|1.000|1.000|1.000
Mesh_Gaia_floor|6|0|28.611|-1.400|111.410|0.035|-0.227|0.000|1.000|1.000|1.000
Mesh_ConcWall_B|6|15|25.567|1.300|111.671|0.122|-1.047|0.000|1.000|1.000|1.000
Mesh_Big_Grayrock|6|14|-7.357|1.400|106.809|1.326|0.140|0.000|1.000|1.000|1.000
Mesh_Car_Trunck|6|5|-3.048|0.000|111.818|0.000|0.000|0.000|1.200|1.200|1.200
Mesh_Big_Grayrock|6|15|25.163|1.100|117.100|0.908|0.803|0.000|1.000|1.000|1.000
Mesh_Wall_Grayrock|6|13|26.070|0.000|100.244|0.000|0.559|0.000|3.000|3.000|3.000
Mesh_Big_Grayrock|6|16|-2.722|1.200|117.625|1.710|1.065|0.000|1.000|1.000|1.000
Mesh_Concrete_WallA|6|6|0.357|-0.000|114.155|1.449|-1.134|0.000|1.000|1.000|1.000
Mesh_Base_Ground|1|66|5.137|-0.000|128.424|0.000|0.000|0.000|2.000|2.000|2.000
Mesh_Base_Ground|1|67|17.624|0.000|130.941|0.000|0.000|0.000|3.000|3.000|3.000
Mesh_Concrete_PillarA|6|0|0.169|1.000|108.400|1.117|0.000|0.000|1.000|1.000|1.000
Mesh_Container_A|6|0|1.639|0.000|124.542|0.000|2.059|0.000|1.000|1.000|1.000
Mesh_Concrete_WallA|6|7|2.551|0.000|120.835|0.279|-1.117|0.000|1.000|1.000|1.000
Mesh_Big_Grayrock|6|17|4.576|0.000|130.342|-0.960|1.536|0.000|1.000|1.000|1.000
Mesh_ConcWall_B|6|16|7.749|-0.000|125.092|0.000|0.000|0.000|1.000|1.000|1.000
Mesh_Gaia_A|6|25|-0.548|-4.870|126.047|0.000|-0.035|-0.733|1.000|1.000|1.000
Mesh_Gaia_A|6|27|32.655|-3.500|122.436|0.297|-1.833|0.000|1.500|1.500|1.500
Mesh_Big_Grayrock|6|18|33.388|1.000|129.492|1.361|-0.454|0.000|1.000|1.000|1.000
Mesh_ConcWall_B|6|17|30.563|1.300|137.071|0.262|-2.060|0.000|1.000|1.000|1.000
Mesh_Concrete_WallA|6|8|29.824|1.300|127.585|0.785|1.065|0.000|1.000|1.000|1.000
Mesh_Concrete_WallC|6|5|26.698|0.000|135.516|-0.750|-1.920|0.000|1.000|1.000|1.000
Mesh_Gray_RockL|6|15|27.735|0.900|131.757|1.274|0.576|0.349|1.000|1.000|1.000
Mesh_Car_Red|6|2|30.095|2.500|134.094|0.000|0.000|0.000|1.000|1.000|1.000
Mesh_Concrete_WallE|6|3|18.372|0.000|93.108|0.384|0.000|0.000|1.000|1.000|1.000
Mesh_Concrete_WallE|6|4|31.388|0.000|116.578|-1.745|2.112|-1.902|1.000|1.000|1.000
Mesh_Big_Grayrock|6|19|34.421|0.000|115.479|0.000|0.000|0.000|1.000|1.000|1.000
Mesh_Big_Grayrock|6|20|30.937|0.000|105.401|1.361|-0.681|0.000|1.000|1.000|1.000
Mesh_Big_Grayrock|6|21|36.243|0.000|108.581|-0.436|0.628|0.000|1.000|1.000|1.000
Mesh_Wall_Grayrock|6|14|-2.812|0.000|126.247|0.000|0.349|0.000|3.000|3.000|3.000
Mesh_StreetLight|6|10|25.163|0.000|137.959|0.000|0.000|0.000|1.000|1.000|1.000
Mesh_Cliff_smallend|3|0|12.897|-10.800|136.715|0.000|-1.204|0.000|0.700|0.700|0.700
Mesh_Gaia_A|6|26|11.801|-8.400|144.712|0.000|0.000|0.000|1.000|1.000|1.000
Mesh_Big_Grayrock|6|22|14.124|-1.100|143.891|0.000|0.000|0.000|1.000|1.000|1.000
Mesh_StreetLight|6|11|13.993|1.700|141.669|0.000|0.000|0.000|1.000|1.000|1.000
Mesh_Gaia_A|6|28|28.865|-7.000|138.770|0.000|0.000|0.000|1.000|1.000|1.000
Mesh_GrayStoneFloorL|6|1|27.410|1.200|126.581|-0.140|0.035|0.000|1.000|1.000|1.000
Mesh_GrayStoneFloorS|6|5|25.031|1.300|123.250|0.157|-0.122|0.000|1.000|1.000|1.000
Mesh_Cliff_smallend|3|1|17.588|-10.700|144.768|0.000|-0.873|0.000|0.700|0.700|0.700
Mesh_GrayStoneFloorL|2|3|38.783|0.000|130.847|0.000|0.000|0.000|1.000|1.000|1.000
Mesh_GrayStoneFloorL|2|4|25.759|0.300|126.970|0.000|0.000|0.000|1.000|1.000|1.000
Mesh_LawnS_Wall|6|4|38.172|0.000|133.506|0.000|0.000|0.000|1.000|1.000|1.000
Mesh_LawnS_Wall|6|5|43.390|0.000|133.485|0.000|0.000|0.000|1.000|1.000|1.000
Mesh_LawnS_Wall|6|7|32.141|0.000|140.193|0.000|0.000|0.000|1.000|1.000|1.000
Mesh_LawnS_Wall|6|8|37.335|0.000|140.193|0.000|0.000|0.000|1.000|1.000|1.000
Mesh_LawnS_Wall|6|9|42.524|-0.000|140.193|0.000|0.000|0.000|1.000|1.000|1.000
Mesh_LawnS_Wall|6|10|45.341|0.000|138.070|0.000|1.571|0.000|1.000|1.000|1.000
Mesh_GrayStoneFloorL|6|5|14.457|3.600|88.412|-0.750|-0.367|0.000|2.000|2.000|2.000
Mesh_Gaia_A|2|29|37.109|-5.000|137.252|0.646|0.768|0.000|1.000|1.000|1.000
Mesh_Big_Grayrock|6|23|38.158|0.000|137.441|1.134|-0.157|0.000|1.000|1.000|1.000
Mesh_Gaia_A|6|30|46.361|-8.200|139.772|0.227|-0.995|0.000|1.000|1.000|1.000
Mesh_Gray_RockL|6|16|44.300|-0.100|134.404|0.000|0.000|0.000|1.000|1.000|1.000
Mesh_Concrete_PillarA|6|1|43.457|-0.100|137.240|0.035|0.052|0.663|1.000|1.000|1.000
Mesh_GrayStoneFloorL|2|6|23.665|0.000|141.465|0.000|0.000|0.000|1.000|1.000|1.000
Mesh_GrayStoneFloorL|2|7|29.854|0.000|142.263|0.000|0.000|0.000|1.000|1.000|1.000
Mesh_GrayStoneFloorL|2|8|35.822|0.040|143.350|0.000|0.000|0.000|1.000|1.000|1.000
Mesh_GrayStoneFloorL|2|9|42.317|0.000|143.195|0.000|0.000|0.000|1.000|1.000|1.000
Mesh_Gaia_A|6|31|12.690|-9.900|142.636|-0.157|1.571|0.000|1.000|1.000|1.000
Mesh_GrayStoneFloorL|2|10|27.025|0.050|136.851|0.000|0.000|0.000|1.000|1.000|1.000
Mesh_GrayStoneFloorL|2|11|28.306|0.000|131.561|0.000|0.000|0.000|1.000|1.000|1.000
Mesh_GrayStoneFloorL|2|12|21.541|0.000|146.480|0.000|0.000|0.000|1.000|1.000|1.000
Mesh_GrayStoneFloorL|2|13|27.561|0.020|147.315|0.000|0.000|0.000|1.000|1.000|1.000
Mesh_GrayStoneFloorL|2|14|33.047|0.000|148.146|0.000|0.000|0.000|1.000|1.000|1.000
Mesh_GrayStoneFloorL|2|15|39.249|0.000|148.255|0.000|0.000|0.000|1.000|1.000|1.000
Mesh_GrayStoneFloorL|2|16|21.990|0.000|152.619|0.000|0.000|0.000|1.000|1.000|1.000
Mesh_GrayStoneFloorL|2|18|29.553|0.000|152.658|0.000|0.000|0.000|1.000|1.000|1.000
Mesh_GrayStoneFloorL|2|19|36.624|0.000|153.251|0.000|0.000|0.000|1.000|1.000|1.000
Mesh_GrayStoneFloorL|2|20|48.735|0.000|142.048|-0.052|0.052|-0.017|1.000|1.000|1.000
Mesh_GrayStoneFloorL|2|21|45.709|0.000|148.301|0.000|0.000|0.000|1.000|1.000|1.000
Mesh_GrayStoneFloorL|2|22|51.878|0.000|147.256|0.000|0.000|0.000|1.000|1.000|1.000
Mesh_GrayStoneFloorL|2|23|42.979|0.000|153.520|0.000|0.000|0.000|1.000|1.000|1.000
Mesh_GrayStoneFloorL|2|24|49.203|0.000|153.682|0.000|0.000|0.000|1.000|1.000|1.000
Mesh_Cliff_smallend|2|2|28.340|-16.110|148.827|0.000|0.000|0.000|1.000|1.000|1.000
Mesh_GrayStoneFloorL|2|2|34.102|0.000|136.856|0.000|0.000|0.000|1.000|1.000|1.000
Mesh_GrayStoneFloorL|2|17|40.098|0.000|136.894|0.000|0.000|0.000|1.000|1.000|1.000
Mesh_GrayStoneFloorL|2|25|33.204|-0.000|128.935|0.000|0.000|0.000|1.000|1.000|1.000
Mesh_Cliff_smallend|3|3|46.682|-15.900|149.718|0.000|0.000|0.000|1.000|1.000|1.000
Mesh_Gaia_A|3|32|45.990|-5.100|138.594|-0.087|-0.017|-0.279|1.000|1.000|1.000
Mesh_GrayStoneFloorL|2|26|55.252|0.000|153.570|0.000|0.000|0.000|1.000|1.000|1.000
Mesh_GrayStoneFloorL|2|27|58.404|0.010|149.232|0.000|0.000|0.000|1.000|1.000|1.000
Mesh_GrayStoneFloorL|2|28|55.388|-0.160|142.777|0.244|-0.559|0.000|1.000|1.000|1.000
Mesh_GrayStoneFloorL|2|29|52.913|-0.180|158.501|-0.192|0.105|-0.227|1.000|1.000|1.000
Mesh_GrayStoneFloorL|2|30|58.000|0.000|162.351|-0.401|-0.611|0.000|1.000|1.000|1.000
Mesh_GrayStoneFloorL|2|31|60.258|-0.000|157.280|0.000|0.000|0.000|1.000|1.000|1.000
Mesh_GrayStoneFloorL|2|32|62.527|0.000|152.204|0.000|0.000|0.000|1.000|1.000|1.000
Mesh_GrayStoneFloorL|2|33|63.195|0.000|146.869|-0.105|-0.297|0.000|1.000|1.000|1.000
Mesh_GrayStoneFloorL|2|34|64.427|0.000|162.003|0.000|0.000|0.000|1.000|1.000|1.000
Mesh_GrayStoneFloorL|2|35|67.228|-0.120|156.612|0.000|0.000|0.000|1.000|1.000|1.000
Mesh_GrayStoneFloorL|2|36|68.573|0.050|150.138|0.070|-0.035|0.000|1.000|1.000|1.000
Mesh_GrayStoneFloorL|2|37|67.943|-0.090|166.217|0.000|0.000|0.000|1.000|1.000|1.000
Mesh_GrayStoneFloorL|2|38|74.105|-0.050|172.400|0.000|0.000|0.000|1.000|1.000|1.000
Mesh_GrayStoneFloorL|2|39|81.741|0.000|175.545|0.000|0.000|0.105|1.000|1.000|1.000
Mesh_GrayStoneFloorL|2|51|77.684|0.130|147.078|0.122|0.000|0.000|1.000|1.000|1.000
Mesh_GrayStoneFloorL|2|52|71.916|0.000|161.676|0.000|0.000|0.000|1.000|1.000|1.000
Mesh_GrayStoneFloorL|2|53|75.888|-0.420|166.785|0.000|0.000|0.000|1.000|1.000|1.000
Mesh_GrayStoneFloorL|2|54|81.641|0.000|169.775|0.000|0.000|0.000|1.000|1.000|1.000
Mesh_GrayStoneFloorL|2|55|88.635|0.000|167.906|0.000|0.000|0.157|1.000|1.000|1.000
Mesh_GrayStoneFloorL|2|58|91.690|-0.340|162.973|0.000|0.000|-0.052|1.000|1.000|1.000
Mesh_GrayStoneFloorL|2|59|85.056|0.000|162.028|0.000|0.000|0.000|1.000|1.000|1.000
Mesh_GrayStoneFloorL|2|64|90.476|0.000|154.536|-0.017|0.000|0.105|1.000|1.000|1.000
Mesh_GrayStoneFloorL|2|65|85.974|-0.236|150.561|-0.087|-0.052|0.000|1.000|1.000|1.000
Mesh_GrayStoneFloorL|2|66|80.434|0.030|152.425|0.000|0.000|0.000|1.000|1.000|1.000
Mesh_GrayStoneFloorL|2|67|79.008|-0.000|161.488|0.000|0.000|0.000|1.000|1.000|1.000
Mesh_GrayStoneFloorL|2|68|75.185|-0.200|156.230|0.000|0.000|0.000|1.000|1.000|1.000
Mesh_GrayStoneFloorM|2|2|74.484|0.000|151.564|0.000|0.000|0.000|1.000|1.000|1.000
Mesh_GrayStoneFloorM|2|3|85.911|-0.000|157.188|0.000|0.000|0.000|1.000|1.000|1.000
Mesh_GrayStoneFloorM|2|4|80.836|0.180|156.740|0.000|0.000|0.017|1.000|1.000|1.000
Mesh_GrayStoneFloorM|2|5|81.624|-0.030|165.314|0.000|0.000|0.000|1.000|1.000|1.000
Mesh_GrayStoneFloorS|2|6|85.028|0.000|173.042|0.000|0.000|0.000|1.000|1.000|1.000
Mesh_GrayStoneFloorS|2|7|73.613|0.000|148.656|0.000|0.000|0.000|1.000|1.000|1.000
Mesh_GrayStoneFloorS|2|8|70.998|0.000|147.280|-0.175|0.000|0.000|1.000|1.000|1.000
Mesh_GrayStoneFloorS|2|9|71.000|0.000|154.654|0.000|0.000|0.000|1.000|1.000|1.000
Mesh_GrayStoneFloorS|2|10|89.675|0.000|158.644|0.000|0.000|0.000|1.000|1.000|1.000
Mesh_GrayStoneFloorS|2|12|84.960|0.000|154.301|0.000|0.000|0.000|1.000|1.000|1.000
Mesh_GrayStoneFloorS|2|13|81.558|0.000|148.697|0.000|0.000|0.000|1.000|1.000|1.000
Mesh_GrayStoneFloorS|2|19|91.955|0.000|158.511|0.000|0.000|0.000|1.000|1.000|1.000
Mesh_GrayStoneFloorS|2|20|77.853|0.000|170.414|0.000|0.000|0.000|1.000|1.000|1.000
Mesh_GrayStoneFloorS|2|21|77.451|0.000|175.096|0.000|0.000|0.000|1.000|1.000|1.000
Mesh_GrayStoneFloorS|2|22|78.309|0.000|172.831|0.000|0.000|0.000|1.000|1.000|1.000
Mesh_Floor_Mud|1|4|14.934|-0.100|137.542|0.000|0.000|0.000|1.000|1.000|1.000
Mesh_Floor_Mud|1|6|27.473|0.000|120.213|0.000|0.000|0.000|1.000|1.000|1.000
Mesh_Floor_Mud|1|10|17.431|-0.400|142.855|0.000|0.000|0.000|1.000|1.000|1.000
Mesh_Floor_Mud|1|11|22.157|-0.100|142.848|0.000|0.000|0.000|1.000|1.000|1.000
Mesh_Floor_Mud|1|14|31.982|-0.100|124.579|0.000|0.000|0.000|1.000|1.000|1.000
Mesh_Floor_Mud|1|15|31.915|-0.100|129.440|0.000|0.000|0.000|1.000|1.000|1.000
Mesh_Floor_Mud|1|16|32.013|-0.100|134.342|0.000|0.000|0.000|1.000|1.000|1.000
Mesh_Floor_Mud|1|17|28.753|-0.100|138.631|0.000|0.000|0.000|1.000|1.000|1.000
Mesh_Floor_Mud|1|18|32.638|-0.100|139.168|0.000|0.000|0.000|1.000|1.000|1.000
Mesh_Floor_Mud|1|20|21.153|-0.100|146.335|0.000|0.000|0.000|1.000|1.000|1.000
Mesh_Floor_Mud|1|21|23.430|-0.100|147.755|0.000|0.000|0.000|1.000|1.000|1.000
Mesh_Floor_Mud|1|22|25.069|-0.100|148.130|0.000|0.000|0.000|1.000|1.000|1.000
Mesh_GrayStoneFloorS|2|23|33.211|0.040|150.929|0.000|0.000|0.000|1.000|1.000|1.000
Mesh_GrayStoneFloorS|2|24|25.969|-0.020|143.562|0.000|0.000|0.000|1.000|1.000|1.000
Mesh_GrayStoneFloorS|2|25|25.727|-0.000|154.521|0.000|0.000|0.000|1.000|1.000|1.000
Mesh_GrayStoneFloorS|2|26|26.374|0.010|152.391|0.000|0.000|0.000|1.000|1.000|1.000
Mesh_GrayStoneFloorS|2|27|25.641|0.010|149.878|0.000|0.000|0.000|1.000|1.000|1.000
Mesh_GrayStoneFloorS|2|28|23.769|0.010|144.748|0.000|0.000|0.000|1.000|1.000|1.000
Mesh_GrayStoneFloorL|2|69|16.518|-0.000|141.133|0.000|0.000|0.000|1.000|1.000|1.000
Mesh_GrayStoneFloorL|2|70|16.018|0.000|146.372|0.000|0.000|0.000|1.000|1.000|1.000
Mesh_GrayStoneFloorS|2|29|20.172|0.020|141.935|0.000|0.000|0.000|1.000|1.000|1.000
Mesh_GrayStoneFloorS|2|30|18.651|0.020|143.844|0.000|0.000|0.000|1.000|1.000|1.000
Mesh_GrayStoneFloorS|2|31|18.943|0.020|149.079|0.000|0.000|0.000|1.000|1.000|1.000
Mesh_GrayStoneFloorS|2|32|21.328|0.020|149.350|0.000|0.000|0.000|1.000|1.000|1.000
Mesh_GrayStoneFloorS|2|33|23.567|0.020|149.125|0.000|0.000|0.000|1.000|1.000|1.000
Mesh_GrayStoneFloorS|2|34|32.823|0.020|153.325|0.000|0.000|0.000|1.000|1.000|1.000
Mesh_GrayStoneFloorS|2|35|32.358|0.020|144.428|0.000|0.000|0.000|1.000|1.000|1.000
Mesh_GrayStoneFloorS|2|36|30.181|0.010|145.143|0.000|0.000|0.000|1.000|1.000|1.000
Mesh_GrayStoneFloorS|2|37|30.052|-0.010|149.432|0.000|0.000|0.000|1.000|1.000|1.000
Mesh_GrayStoneFloorS|2|38|31.992|-0.010|150.895|0.000|0.000|0.000|1.000|1.000|1.000
Mesh_GrayStoneFloorS|2|39|33.336|-0.010|141.619|0.000|0.000|0.000|1.000|1.000|1.000
Mesh_GrayStoneFloorS|2|40|33.386|-0.010|144.193|0.000|0.000|0.000|1.000|1.000|1.000
Mesh_GrayStoneFloorS|2|41|34.785|-0.010|146.081|0.000|0.000|0.000|1.000|1.000|1.000
Mesh_GrayStoneFloorS|2|42|34.504|-0.010|152.393|0.000|0.000|0.000|1.000|1.000|1.000
Mesh_GrayStoneFloorS|2|43|35.169|-0.010|150.444|0.000|0.000|0.000|1.000|1.000|1.000
Mesh_GrayStoneFloorS|2|44|36.944|-0.010|145.014|0.000|0.000|0.000|1.000|1.000|1.000
Mesh_GrayStoneFloorS|2|45|36.745|-0.010|147.603|0.000|0.000|0.000|1.000|1.000|1.000
Mesh_GrayStoneFloorS|2|46|39.247|-0.010|144.590|0.000|0.000|0.000|1.000|1.000|1.000
Mesh_GrayStoneFloorS|2|47|39.696|-0.010|142.227|0.000|0.000|0.000|1.000|1.000|1.000
Mesh_GrayStoneFloorS|2|48|37.457|-0.010|149.566|0.000|0.000|0.000|1.000|1.000|1.000
Mesh_GrayStoneFloorS|2|49|39.337|-0.010|151.489|0.000|0.000|0.000|1.000|1.000|1.000
Mesh_GrayStoneFloorS|2|50|40.242|-0.010|154.085|0.000|0.000|0.000|1.000|1.000|1.000
Mesh_GrayStoneFloorS|2|51|41.842|-0.010|151.477|0.000|0.000|0.000|1.000|1.000|1.000
Mesh_GrayStoneFloorS|2|52|41.332|-0.010|145.884|0.000|0.000|0.000|1.000|1.000|1.000
Mesh_GrayStoneFloorS|2|53|43.577|-0.010|145.909|0.000|0.000|0.000|1.000|1.000|1.000
Mesh_GrayStoneFloorS|2|54|42.746|-0.020|147.607|0.000|0.000|0.000|1.000|1.000|1.000
Mesh_GrayStoneFloorS|2|55|42.492|-0.020|150.170|0.000|0.000|0.000|1.000|1.000|1.000
Mesh_GrayStoneFloorS|2|56|45.715|-0.010|142.123|0.000|0.000|0.000|1.000|1.000|1.000
Mesh_GrayStoneFloorS|2|57|45.744|-0.010|144.541|0.000|0.000|0.000|1.000|1.000|1.000
Mesh_GrayStoneFloorS|2|58|48.753|-0.010|145.947|0.000|0.000|0.000|1.000|1.000|1.000
Mesh_GrayStoneFloorS|2|59|47.444|-0.020|145.196|0.000|0.000|0.000|1.000|1.000|1.000
Mesh_GrayStoneFloorS|2|60|44.661|-0.010|151.064|0.000|0.000|0.000|1.000|1.000|1.000
Mesh_GrayStoneFloorS|2|61|46.696|-0.010|153.990|0.000|0.000|0.000|1.000|1.000|1.000
Mesh_GrayStoneFloorS|2|62|46.704|-0.020|151.623|0.000|0.000|0.000|1.000|1.000|1.000
Mesh_GrayStoneFloorS|2|63|48.638|-0.010|150.523|0.000|0.000|0.000|1.000|1.000|1.000
Mesh_GrayStoneFloorS|2|64|49.171|-0.020|148.075|0.000|0.000|0.000|1.000|1.000|1.000
Mesh_GrayStoneFloorS|2|65|49.900|-0.010|143.719|0.000|0.000|0.000|1.000|1.000|1.000
Mesh_GrayStoneFloorS|2|66|52.576|-0.010|141.603|0.000|0.000|0.000|1.000|1.000|1.000
Mesh_GrayStoneFloorS|2|67|52.421|-0.010|143.989|0.000|0.000|0.000|1.000|1.000|1.000
Mesh_GrayStoneFloorS|2|68|49.875|-0.030|149.333|0.000|0.000|0.000|1.000|1.000|1.000
Mesh_GrayStoneFloorS|2|69|50.759|-0.020|151.248|0.000|0.000|0.000|1.000|1.000|1.000
Mesh_GrayStoneFloorS|2|70|52.377|-0.020|156.118|0.000|0.000|0.000|1.000|1.000|1.000
Mesh_GrayStoneFloorS|2|71|52.872|-0.020|153.754|0.000|0.000|0.000|1.000|1.000|1.000
Mesh_GrayStoneFloorS|2|72|52.653|-0.010|151.519|0.000|0.000|0.000|1.000|1.000|1.000
Mesh_GrayStoneFloorS|2|73|51.615|-0.020|148.935|0.000|0.000|0.000|1.000|1.000|1.000
Mesh_GrayStoneFloorS|2|74|53.650|-0.020|149.359|0.000|0.000|0.000|1.000|1.000|1.000
Mesh_GrayStoneFloorS|2|75|55.143|-0.020|145.929|0.000|0.000|0.000|1.000|1.000|1.000
Mesh_GrayStoneFloorS|2|76|55.549|-0.030|148.336|0.000|0.000|0.000|1.000|1.000|1.000
Mesh_GrayStoneFloorS|2|77|54.569|-0.030|150.657|0.000|0.000|0.000|1.000|1.000|1.000
Mesh_GrayStoneFloorS|2|78|57.295|-0.010|144.876|0.000|0.000|0.000|1.000|1.000|1.000
Mesh_GrayStoneFloorS|2|79|59.546|-0.020|144.886|0.000|0.000|0.000|1.000|1.000|1.000
Mesh_GrayStoneFloorS|2|80|58.622|0.010|142.966|0.000|0.000|0.000|1.000|1.000|1.000
Mesh_GrayStoneFloorS|2|14|54.871|-0.010|161.982|0.000|0.000|-0.175|1.000|1.000|1.000
Mesh_GrayStoneFloorS|2|15|56.342|-0.010|159.562|0.000|0.000|0.000|1.000|1.000|1.000
Mesh_GrayStoneFloorS|2|16|56.476|-0.020|157.207|0.000|0.000|0.000|1.000|1.000|1.000
Mesh_GrayStoneFloorS|2|17|59.120|-0.010|152.686|0.000|0.000|0.000|1.000|1.000|1.000
Mesh_GrayStoneFloorS|2|18|58.686|-0.030|155.005|0.000|0.000|0.000|1.000|1.000|1.000
Mesh_GrayStoneFloorS|2|81|60.879|-0.020|153.943|0.000|0.000|0.000|1.000|1.000|1.000
Mesh_GrayStoneFloorS|2|82|61.800|-0.010|148.798|0.000|0.000|0.000|1.000|1.000|1.000
Mesh_GrayStoneFloorS|2|83|62.823|-0.010|154.682|0.000|0.000|0.000|1.000|1.000|1.000
Mesh_GrayStoneFloorS|2|84|64.720|-0.010|149.978|0.000|0.000|0.000|1.000|1.000|1.000
Mesh_GrayStoneFloorS|2|85|66.605|-0.020|148.653|0.000|0.000|0.000|1.000|1.000|1.000
Mesh_GrayStoneFloorS|2|86|66.525|-0.020|151.469|0.000|0.000|0.000|1.000|1.000|1.000
Mesh_GrayStoneFloorS|2|87|66.128|-0.010|153.857|0.000|0.000|0.000|1.000|1.000|1.000
Mesh_GrayStoneFloorS|2|88|64.134|-0.010|157.005|0.000|0.000|0.000|1.000|1.000|1.000
Mesh_GrayStoneFloorS|2|89|60.400|-0.010|160.624|0.000|0.000|0.000|1.000|1.000|1.000
Mesh_GrayStoneFloorS|2|90|62.674|-0.010|159.772|0.000|0.000|0.000|1.000|1.000|1.000
Mesh_GrayStoneFloorS|2|91|61.397|-0.020|162.616|0.000|0.000|0.000|1.000|1.000|1.000
Mesh_GrayStoneFloorS|2|92|58.611|-0.020|158.757|0.000|0.000|0.000|1.000|1.000|1.000
Mesh_GrayStoneFloorS|2|93|64.378|-0.020|157.975|0.000|0.000|0.000|1.000|1.000|1.000
Mesh_GrayStoneFloorS|2|94|64.980|-0.020|155.023|0.000|0.000|0.000|1.000|1.000|1.000
Mesh_GrayStoneFloorS|2|95|66.715|-0.020|158.764|0.000|0.000|0.000|1.000|1.000|1.000
Mesh_GrayStoneFloorS|2|96|68.380|-0.020|153.235|0.000|0.000|0.000|1.000|1.000|1.000
Mesh_GrayStoneFloorS|2|97|70.193|-0.030|154.959|0.000|0.000|0.000|1.000|1.000|1.000
Mesh_GrayStoneFloorS|2|98|71.206|-0.010|152.929|0.000|0.000|0.000|1.000|1.000|1.000
Mesh_GrayStoneFloorS|2|99|73.437|-0.020|153.947|0.000|0.000|0.000|1.000|1.000|1.000
Mesh_GrayStoneFloorS|2|100|71.776|-0.020|150.229|0.000|0.000|0.000|1.000|1.000|1.000
Mesh_GrayStoneFloorS|2|101|71.050|-0.010|147.882|0.000|0.000|0.000|1.000|1.000|1.000
Mesh_GrayStoneFloorS|2|102|73.266|-0.020|148.287|0.140|-0.401|0.000|1.000|1.000|1.000
Mesh_GrayStoneFloorS|2|103|74.950|-0.010|146.466|0.000|0.000|0.000|1.000|1.000|1.000
Mesh_GrayStoneFloorS|2|104|75.290|-0.010|149.066|0.000|0.000|0.000|1.000|1.000|1.000
Mesh_GrayStoneFloorS|2|105|75.802|-0.010|153.233|0.000|0.000|0.000|1.000|1.000|1.000
Mesh_GrayStoneFloorS|2|106|77.240|-0.010|150.583|0.000|0.000|0.000|1.000|1.000|1.000
Mesh_GrayStoneFloorS|2|107|67.723|-0.010|160.907|0.000|0.000|0.000|1.000|1.000|1.000
Mesh_GrayStoneFloorS|2|108|71.669|-0.010|157.115|0.000|0.000|0.000|1.000|1.000|1.000
Mesh_GrayStoneFloorS|2|109|68.770|-0.020|159.232|0.000|0.000|0.000|1.000|1.000|1.000
Mesh_GrayStoneFloorS|2|110|70.494|-0.030|158.135|0.000|0.000|0.000|1.000|1.000|1.000
Mesh_GrayStoneFloorS|2|111|72.236|-0.030|154.876|0.000|0.000|0.000|1.000|1.000|1.000
Mesh_GrayStoneFloorS|2|112|68.416|-0.020|163.185|0.000|0.000|0.000|1.000|1.000|1.000
Mesh_GrayStoneFloorS|2|113|69.542|-0.030|161.273|0.000|0.000|0.000|1.000|1.000|1.000
Mesh_GrayStoneFloorS|2|114|70.357|-0.040|156.876|0.000|0.000|0.000|1.000|1.000|1.000
Mesh_GrayStoneFloorS|2|115|69.785|-0.040|154.310|0.000|0.000|0.000|1.000|1.000|1.000
Mesh_GrayStoneFloorS|2|116|72.213|-0.040|149.398|0.000|0.000|0.000|1.000|1.000|1.000
Mesh_GrayStoneFloorS|2|117|73.449|-0.030|149.878|0.000|0.000|0.000|1.000|1.000|1.000
Mesh_GrayStoneFloorS|2|118|74.940|-0.030|146.730|0.000|0.000|0.000|1.000|1.000|1.000
Mesh_GrayStoneFloorS|2|119|72.721|-0.020|158.823|0.000|0.000|0.000|1.000|1.000|1.000
Mesh_GrayStoneFloorS|2|120|74.992|-0.010|159.485|0.000|0.000|0.000|1.000|1.000|1.000
Mesh_GrayStoneFloorS|2|121|79.081|-0.020|149.508|0.000|0.000|0.000|1.000|1.000|1.000
Mesh_GrayStoneFloorS|2|122|77.755|-0.020|152.665|0.000|0.000|0.000|1.000|1.000|1.000
Mesh_GrayStoneFloorS|2|123|77.961|-0.030|155.155|0.000|0.000|0.000|1.000|1.000|1.000
Mesh_GrayStoneFloorS|2|124|70.077|-0.040|163.264|0.000|0.000|0.000|1.000|1.000|1.000
Mesh_GrayStoneFloorS|2|125|71.790|-0.010|164.396|0.000|0.000|0.000|1.000|1.000|1.000
Mesh_GrayStoneFloorS|2|126|78.154|-0.020|158.243|0.000|0.000|0.000|1.000|1.000|1.000
Mesh_GrayStoneFloorS|2|127|75.987|-0.020|159.685|0.000|0.000|0.000|1.000|1.000|1.000
Mesh_GrayStoneFloorS|2|128|75.354|-0.010|161.898|0.000|0.000|0.000|1.000|1.000|1.000
Mesh_GrayStoneFloorS|2|129|82.730|-0.010|150.005|0.000|0.000|0.000|1.000|1.000|1.000
Mesh_GrayStoneFloorS|2|130|83.765|-0.010|152.639|0.000|0.000|0.000|1.000|1.000|1.000
Mesh_GrayStoneFloorS|2|131|83.162|-0.020|155.033|0.000|0.000|0.000|1.000|1.000|1.000
Mesh_GrayStoneFloorS|2|132|80.899|-0.010|154.624|0.000|0.000|0.000|1.000|1.000|1.000
Mesh_GrayStoneFloorS|2|133|81.173|-0.010|158.120|0.000|0.000|0.000|1.000|1.000|1.000
Mesh_GrayStoneFloorS|2|134|81.375|-0.020|160.452|0.000|0.000|0.000|1.000|1.000|1.000
Mesh_GrayStoneFloorS|2|135|82.283|-0.010|162.937|0.000|0.000|0.000|1.000|1.000|1.000
Mesh_GrayStoneFloorS|2|136|82.374|-0.030|161.368|0.000|0.000|0.000|1.000|1.000|1.000
Mesh_GrayStoneFloorS|2|137|82.845|-0.030|159.391|0.000|0.000|0.000|1.000|1.000|1.000
Mesh_GrayStoneFloorS|2|138|83.388|-0.010|156.953|0.000|0.000|0.000|1.000|1.000|1.000
Mesh_GrayStoneFloorS|2|139|87.108|-0.010|153.760|0.000|0.000|0.000|1.000|1.000|1.000
Mesh_GrayStoneFloorS|2|140|86.854|-0.020|155.380|0.000|0.000|0.000|1.000|1.000|1.000
Mesh_GrayStoneFloorS|2|141|85.415|-0.020|158.709|0.000|0.000|0.000|1.000|1.000|1.000
Mesh_GrayStoneFloorS|2|142|88.950|-0.010|156.657|0.000|0.000|0.000|1.000|1.000|1.000
Mesh_GrayStoneFloorS|2|143|91.338|-0.010|157.217|0.000|0.000|0.000|1.000|1.000|1.000
Mesh_GrayStoneFloorS|2|144|76.333|-0.020|163.619|0.000|0.000|0.000|1.000|1.000|1.000
Mesh_GrayStoneFloorS|2|145|74.092|-0.010|164.051|0.000|0.000|0.000|1.000|1.000|1.000
Mesh_GrayStoneFloorS|2|146|73.123|-0.020|166.080|0.000|0.000|0.000|1.000|1.000|1.000
Mesh_GrayStoneFloorS|2|147|73.535|-0.010|168.567|0.000|0.000|0.000|1.000|1.000|1.000
Mesh_GrayStoneFloorS|2|148|78.395|-0.010|164.473|0.000|0.000|0.000|1.000|1.000|1.000
Mesh_GrayStoneFloorS|2|149|87.654|-0.010|159.342|0.000|0.000|0.000|1.000|1.000|1.000
Mesh_GrayStoneFloorS|2|150|90.213|-0.010|160.027|0.000|0.000|0.000|1.000|1.000|1.000
Mesh_GrayStoneFloorS|2|151|88.957|-0.020|160.632|0.000|0.000|0.000|1.000|1.000|1.000
Mesh_GrayStoneFloorS|2|152|88.712|-0.010|162.908|0.000|0.000|0.000|1.000|1.000|1.000
Mesh_GrayStoneFloorS|2|153|56.009|-0.040|145.657|0.000|0.000|0.000|1.000|1.000|1.000
Mesh_GrayStoneFloorS|2|154|58.113|-0.030|146.489|0.000|0.000|0.000|1.000|1.000|1.000
Mesh_GrayStoneFloorS|2|155|60.351|-0.030|146.965|0.000|0.000|0.000|1.000|1.000|1.000
Mesh_GrayStoneFloorS|2|156|71.906|-0.030|151.254|0.000|0.000|0.000|1.000|1.000|1.000
Mesh_GrayStoneFloorS|2|157|79.655|-0.010|166.888|0.000|0.000|0.000|1.000|1.000|1.000
Mesh_GrayStoneFloorS|2|158|76.116|-0.010|169.836|0.000|0.000|0.000|1.000|1.000|1.000
Mesh_GrayStoneFloorS|2|159|79.207|-0.010|168.846|0.000|0.000|0.000|1.000|1.000|1.000
Mesh_GrayStoneFloorS|2|160|88.527|-0.020|165.228|0.000|0.000|0.000|1.000|1.000|1.000
Mesh_GrayStoneFloorS|2|161|86.781|-0.030|163.491|0.000|0.000|0.000|1.000|1.000|1.000
Mesh_GrayStoneFloorS|2|162|86.818|-0.010|165.948|0.000|0.000|0.000|1.000|1.000|1.000
Mesh_GrayStoneFloorS|2|163|84.844|-0.020|165.415|0.000|0.000|0.000|1.000|1.000|1.000
Mesh_GrayStoneFloorS|2|11|79.532|-0.010|171.760|0.000|0.000|0.000|1.000|1.000|1.000
Mesh_GrayStoneFloorS|2|164|84.218|-0.010|167.596|0.000|0.000|0.000|1.000|1.000|1.000
Mesh_Home_Lawn_S|2|0|90.396|0.050|165.963|0.000|0.000|0.000|1.000|1.000|1.000
Mesh_Home_Lawn_S|2|1|89.132|0.050|171.211|0.000|0.000|0.000|1.000|1.000|1.000
Mesh_Home_Lawn_S|2|2|85.156|0.060|166.734|0.000|1.571|0.000|1.000|1.000|1.000
Mesh_GrayStoneFloorS|2|165|85.429|-0.020|167.851|0.000|0.000|0.000|1.000|1.000|1.000
Mesh_GrayStoneFloorS|2|166|84.873|-0.010|169.956|0.000|0.000|0.000|1.000|1.000|1.000
Mesh_GrayStoneFloorS|2|167|86.920|-0.020|169.857|0.000|0.000|0.000|1.000|1.000|1.000
Mesh_GrayStoneFloorS|2|168|88.656|-0.390|171.609|-0.454|0.262|0.000|1.000|1.000|1.000
Mesh_GrayStoneFloorS|2|169|88.656|-0.070|171.609|0.000|0.000|0.000|1.000|1.000|1.000
Mesh_GrayStoneFloorS|2|170|86.914|-0.030|171.833|0.000|0.000|0.000|1.000|1.000|1.000
Mesh_GrayStoneFloorS|2|171|86.914|-0.030|171.833|0.000|0.000|0.000|1.000|1.000|1.000
Mesh_GrayStoneFloorS|2|172|84.743|-0.020|171.098|0.000|0.000|0.000|1.000|1.000|1.000
Mesh_GrayStoneFloorS|2|173|81.453|-0.020|172.338|0.000|0.000|0.000|1.000|1.000|1.000
Mesh_GrayStoneFloorS|2|174|83.697|-0.010|172.426|0.000|0.000|0.000|1.000|1.000|1.000
Mesh_GrayStoneFloorS|2|175|86.517|0.250|174.286|0.000|0.000|0.000|1.000|1.000|1.000
Mesh_GrayStoneFloorS|2|176|84.390|-0.020|175.188|0.000|0.000|0.000|1.000|1.000|1.000
Mesh_GrayStoneFloorS|2|177|79.174|-0.020|175.111|0.000|0.000|0.000|1.000|1.000|1.000
Mesh_Home_Lawn_S|2|3|71.495|-0.080|167.963|0.000|0.000|0.000|3.000|1.000|3.000
Mesh_Home_Lawn_S|2|4|71.064|0.110|170.625|0.000|0.000|0.000|1.000|1.000|1.000
Mesh_LawnS_Wall|6|6|67.507|0.000|160.909|0.000|-0.785|0.000|1.000|1.000|1.000
Mesh_LawnS_Wall|6|14|70.955|0.000|164.301|0.000|-0.785|0.000|1.000|1.000|1.000
Mesh_LawnS_Wall|6|15|75.100|0.000|165.956|0.000|0.000|0.000|1.000|1.000|1.000
Mesh_LawnS_Wall|6|16|80.186|0.000|165.924|0.000|0.000|0.000|1.000|1.000|1.000
Mesh_LawnS_Wall|6|17|82.401|0.000|163.610|0.000|1.571|0.000|1.000|1.000|1.000
Mesh_LawnS_Wall|6|18|73.885|0.000|153.857|0.000|0.000|0.000|1.000|1.000|1.000
Mesh_LawnS_Wall|6|19|68.772|0.000|153.837|0.000|0.000|0.000|1.000|1.000|1.000
Mesh_LawnS_Wall|6|20|66.046|0.000|156.208|0.000|-1.745|0.000|1.000|1.000|1.000
Mesh_LawnS_Wall|6|21|78.734|0.000|153.871|0.000|0.000|0.000|1.000|1.000|1.000
Mesh_LawnS_Wall|6|22|82.389|0.000|158.834|0.000|1.571|0.000|1.000|1.000|1.000
Mesh_Gaia_A|6|33|80.546|-3.800|155.590|-0.070|-0.017|-0.192|1.000|1.000|1.000
Mesh_Gaia_A|6|34|77.492|-11.700|159.558|0.000|0.000|0.000|1.000|1.000|1.000
Mesh_Gaia_A|6|35|79.452|-8.500|162.038|0.035|2.601|-0.122|1.000|1.000|1.000
Mesh_Fence_Stage1|6|2|67.654|1.000|153.810|-0.314|0.000|0.000|1.000|1.000|1.000
Mesh_Fence_Stage1|6|3|70.058|1.000|153.714|0.419|0.000|0.000|1.000|1.000|1.000
Mesh_Fence_Stage1|6|4|73.768|1.000|153.621|-0.209|0.279|0.000|1.000|1.000|1.000
Mesh_Fence_Stage1|6|5|77.474|1.000|153.656|0.262|0.209|-0.227|1.000|1.000|1.000
Mesh_Wall_Grayrock|6|15|78.662|-0.000|158.090|0.000|0.000|0.000|1.000|1.000|1.000
Mesh_Big_Grayrock|6|24|79.545|-0.000|162.277|0.000|0.000|0.000|1.000|1.000|1.000
Mesh_Big_Grayrock|6|25|67.841|-0.000|157.416|-1.292|-0.977|0.000|0.700|0.700|0.700
Mesh_ConcWall_B|6|18|80.609|0.000|157.444|0.000|0.000|0.000|1.000|1.000|1.000
Mesh_ConcWall_B|6|19|79.646|0.890|158.031|0.000|0.000|0.000|1.000|1.000|1.000
Mesh_Concrete_PillarA|6|2|78.106|0.890|154.976|0.000|0.000|1.326|1.000|1.000|1.000
Mesh_Concrete_WallA|6|9|71.997|0.890|154.812|0.000|0.000|0.000|1.000|1.000|1.000
Mesh_Concrete_WallC|6|6|74.120|-0.210|162.232|-0.436|-1.100|0.000|1.000|1.000|1.000
Mesh_Car_Trunck|6|6|71.066|0.190|157.327|-0.017|0.000|-0.367|1.000|1.000|1.000
Mesh_Gaia_A|6|36|74.432|-7.710|163.877|-0.279|0.000|0.052|1.000|1.000|1.000
Mesh_Gaia_A|6|37|70.019|-2.910|159.916|-0.209|0.000|-0.035|1.000|1.000|1.000
Mesh_Car_Red|6|3|72.372|0.890|164.115|0.279|0.611|-1.239|1.000|1.000|1.000
Mesh_GrayStoneFloorM|6|6|72.579|1.290|161.605|-0.140|-2.478|-0.401|1.000|1.000|1.000
Mesh_RubblA_L_Org|6|8|73.949|0.090|156.734|0.000|0.000|0.000|1.000|1.000|1.000
Mesh_RubblA_L_Org|6|9|75.656|1.190|158.444|0.000|0.000|0.000|1.000|1.000|1.000
Mesh_RubblA_L_Org|6|10|73.456|0.690|158.604|0.000|0.000|0.000|1.000|1.000|1.000
Mesh_RubblA_L_Org|6|11|74.103|-1.310|162.554|0.000|0.000|0.000|1.000|1.000|1.000
Mesh_Gray_RockL|6|17|75.485|-0.110|164.077|0.000|0.000|0.000|1.000|1.000|1.000
Mesh_Gray_RockL|6|18|76.840|1.290|160.087|0.000|0.000|0.000|1.000|1.000|1.000
Mesh_Gaia_A|6|38|77.650|-1.610|162.069|0.000|2.548|0.000|1.000|1.000|1.000
Mesh_Gaia_A|6|39|76.305|-10.010|163.158|0.000|0.000|0.000|1.000|1.000|1.000
Mesh_Mistletoe|6|0|58.804|0.000|158.311|0.000|0.000|0.000|1.000|1.000|1.000
Mesh_Wall_Grayrock|6|16|-6.052|1.500|112.968|0.000|0.000|0.000|1.000|1.000|1.000
Mesh_Wall_Grayrock|6|17|-6.410|1.500|97.916|0.000|0.000|0.000|1.000|1.000|1.000
Mesh_Gray_RockL|6|19|-5.691|0.000|96.503|0.000|0.000|0.000|1.000|1.000|1.000
Mesh_Big_Grayrock|6|26|33.962|-1.690|136.185|0.000|0.000|0.000|1.000|1.000|1.000
Mesh_Car_Trunck|6|7|30.414|0.000|137.159|0.000|0.000|0.000|1.000|1.000|1.000
Mesh_ConcWall_B|6|20|42.766|0.300|135.420|0.000|0.000|0.000|1.000|1.000|1.000
Mesh_Wall_Grayrock|6|18|41.439|0.300|137.703|0.000|0.000|0.000|1.000|1.000|1.000
Mesh_Gaia_A|6|40|38.812|-0.500|135.543|0.000|0.000|0.000|1.000|1.000|1.000
Mesh_StreetLight|6|12|66.209|-0.500|153.233|0.000|0.000|0.000|1.000|1.000|1.000
Mesh_Gray_Rock1|6|10|24.063|-0.100|138.367|0.471|-0.576|0.000|1.000|1.000|1.000
Mesh_Wall_Grayrock|6|19|5.989|1.100|136.987|0.000|0.419|0.000|2.500|2.500|2.500
Mesh_Concrete_WallA|6|10|10.767|0.200|139.041|0.000|-1.082|0.000|1.000|1.000|1.000
Mesh_ConcWall_B|6|21|13.739|0.000|137.664|0.000|0.000|0.000|1.000|1.000|1.000
Mesh_Drmu_fire|6|3|15.491|-0.000|137.944|0.000|0.000|0.000|2.000|2.000|2.000
Mesh_Gray_RockM|6|20|15.593|0.250|139.339|0.000|0.000|0.000|1.000|1.000|1.000
Mesh_Gray_RockL|6|20|14.497|-0.800|141.217|0.000|0.000|0.000|1.000|1.000|1.000
Mesh_Wood_Box2|6|9|16.620|-0.100|138.466|0.000|-0.543|0.000|1.000|1.000|1.000
Mesh_Wood_Box2|6|10|17.278|-0.400|139.672|0.000|0.000|0.000|1.000|1.000|1.000
Mesh_Wood_Box2|6|11|17.795|-0.100|138.285|0.000|0.000|0.000|1.000|1.000|1.000
Mesh_Floor_Mud|1|37|25.711|-0.030|120.284|0.000|0.000|0.000|1.000|1.000|1.000
Mesh_Floor_Mud|1|38|24.869|-0.030|116.815|0.000|0.000|0.000|1.000|1.000|1.000
Mesh_Gaia_A|6|41|9.405|-4.630|133.090|0.000|0.000|0.000|1.000|1.000|1.000
Mesh_Concrete_WallB|6|9|12.261|-0.140|135.661|0.000|0.000|0.000|1.000|1.000|1.000
Mesh_Concrete_WallB|6|10|11.730|-0.140|137.661|0.000|0.000|0.000|1.000|1.000|1.000
Mesh_Concrete_WallB|6|11|10.856|0.460|137.063|0.000|0.000|0.000|1.000|1.000|1.000
Mesh_Cliff_smallend|3|4|56.391|-15.900|156.436|-0.052|-0.646|0.000|1.000|1.000|1.000
Mesh_Cliff_smallend|3|5|76.795|-15.900|168.164|0.000|-0.716|0.000|1.000|1.000|1.000
Mesh_Cliff_smallend|3|7|85.668|-15.900|161.041|0.000|1.571|0.000|1.000|1.000|1.000
Mesh_Cliff_smallend|3|6|44.536|-15.900|140.834|0.000|-0.785|0.000|1.000|1.000|1.000
Mesh_Cliff_smallend|3|8|71.575|-15.900|155.316|0.000|0.000|0.000|1.000|1.000|1.000
Mesh_Pipebox|7|0|77.569|-0.520|144.400|-1.623|0.017|0.000|1.000|1.000|1.000
Mesh_Pipebox|7|1|77.509|-0.780|140.400|-1.571|0.000|0.000|1.000|1.000|1.000
Mesh_IronplateA|7|0|78.573|0.470|142.401|0.000|0.000|0.000|1.000|1.000|1.000
Mesh_IronplateA|7|1|78.573|0.350|140.431|-0.052|0.000|0.000|1.000|1.000|1.000
Mesh_IronplateA|7|2|78.573|0.330|138.461|0.000|0.000|0.000|1.000|1.000|1.000
Mesh_IronplateA|7|3|78.573|0.310|136.551|0.017|0.000|0.000|1.000|1.000|1.000
Mesh_Test_StairsB|7|0|84.695|0.002|132.720|0.000|1.571|0.000|1.000|1.000|1.000
Mesh_Test_StairsB|7|1|84.705|-8.948|132.690|0.000|1.571|0.000|1.000|1.000|1.000
Mesh_Base_Ground|1|0|91.229|-17.520|133.325|0.000|0.000|0.000|2.000|2.000|2.000
Mesh_Base_Ground|1|1|81.229|-17.500|133.325|0.000|0.000|0.000|2.000|2.000|2.000
Mesh_Base_Ground|1|2|71.229|-17.500|133.325|0.000|0.000|0.000|2.000|2.000|2.000
Mesh_Base_Ground|1|7|66.229|-17.500|123.339|0.000|0.000|0.000|2.000|2.000|2.000
Mesh_Base_Ground|1|10|68.728|-17.500|105.846|0.000|0.000|0.000|1.000|1.000|1.000
Mesh_Base_Ground|1|11|76.229|-17.500|108.351|0.000|0.000|0.000|2.000|2.000|2.000
Mesh_Base_Ground|1|3|63.729|-17.500|130.831|0.000|0.000|0.000|1.000|1.000|1.000
Mesh_Base_Ground|1|4|66.229|-17.500|113.339|0.000|0.000|0.000|2.000|2.000|2.000
Mesh_Base_Ground|1|5|86.229|-17.500|108.351|0.000|0.000|0.000|2.000|2.000|2.000
Mesh_Base_Ground|1|8|96.229|-17.500|108.351|0.000|0.000|0.000|2.000|2.000|2.000
Mesh_Base_Ground|1|13|103.725|-17.500|110.837|0.000|0.000|0.000|1.000|1.000|1.000
Mesh_Base_Ground|1|14|101.225|-17.500|118.335|0.000|0.000|0.000|2.000|2.000|2.000
Mesh_Base_Ground|1|15|98.722|-17.500|135.832|0.000|0.000|0.000|1.000|1.000|1.000
Mesh_Base_Ground|1|16|101.218|-17.500|128.334|0.000|0.000|0.000|2.000|2.000|2.000
Mesh_Base_Ground|1|17|103.716|-17.500|135.828|0.000|0.000|0.000|1.000|1.000|1.000
Mesh_Gaia_A|7|0|134.761|-24.300|115.740|0.227|1.763|1.571|2.000|2.000|2.000
Mesh_DebrisA|7|0|121.824|-18.600|115.080|0.000|0.000|0.000|1.000|1.000|1.000
Mesh_DebrisA|7|1|108.273|-18.400|113.841|0.157|-0.262|0.052|1.000|1.000|1.000
Mesh_DebrisA|7|2|108.586|-18.400|115.658|0.000|0.000|0.000|1.000|1.000|1.000
Mesh_DebrisA|7|3|116.491|-18.800|116.082|0.000|1.030|0.000|1.000|1.000|1.000
Mesh_DebrisA|7|4|114.292|-18.400|117.185|0.000|0.000|0.000|1.000|1.000|1.000
Mesh_DebrisA|7|5|113.447|-18.800|114.925|0.000|0.000|0.000|1.000|1.000|1.000
Mesh_DebrisA|7|6|110.755|-18.800|117.282|0.000|0.000|0.000|1.000|1.000|1.000
Mesh_Gaia_A|7|1|106.695|-21.200|114.455|-0.122|0.576|-1.449|1.000|1.000|1.000
Mesh_Gaia_A|7|2|103.150|-20.900|116.100|0.262|0.209|-1.309|1.000|1.000|1.000
Mesh_DebrisA|7|7|125.177|-18.800|116.899|0.000|0.000|0.000|1.000|1.000|1.000
Mesh_DebrisA|7|8|127.030|-18.600|115.863|0.000|1.745|0.000|1.000|1.000|1.000
Mesh_DebrisA|7|9|120.640|-20.000|118.282|0.000|0.000|0.000|1.000|1.000|1.000
Mesh_DebrisA|7|10|113.331|-18.900|112.165|-0.349|-0.017|0.035|1.000|1.000|1.000
Mesh_Gaia_A|7|3|98.557|-23.100|117.253|0.017|-0.087|-0.105|1.500|1.500|1.500
Mesh_Gaia_A|7|4|97.049|-21.700|116.214|-0.314|0.070|-0.367|1.500|1.500|1.500
Mesh_Gaia_A|7|5|97.706|-20.000|113.061|-0.401|0.035|0.000|1.000|1.000|1.000
Mesh_Gaia_A|7|6|99.661|-23.300|121.772|0.279|0.122|-0.070|1.000|1.000|1.000
Mesh_Gaia_A|7|7|100.314|-25.000|122.213|-0.122|0.559|-0.105|1.000|1.000|1.000
Mesh_Big_Grayrock|7|0|98.374|-18.600|111.567|0.000|0.000|0.000|1.000|1.000|1.000
Mesh_Big_Grayrock|7|1|100.767|-18.300|123.253|1.588|0.000|0.000|1.000|1.000|1.000
Mesh_Gray_RockM|7|0|101.967|-17.500|118.266|0.000|0.000|0.000|1.000|1.000|1.000
Mesh_Gray_RockL|7|0|99.649|-17.500|118.524|0.000|0.000|0.000|1.000|1.000|1.000
Mesh_DebrisA|7|11|102.161|-17.500|115.296|-1.169|-1.641|0.000|1.000|1.000|1.000
Mesh_Gray_Rock1|7|0|101.749|-17.100|112.495|0.000|0.000|0.000|2.000|2.000|2.000
Mesh_DebrisA|7|12|99.772|-17.500|112.000|0.000|0.000|0.000|1.000|1.000|1.000
Mesh_DebrisA|7|13|99.921|-16.200|112.581|0.000|0.000|0.000|1.000|1.000|1.000
Mesh_DebrisA|7|14|99.937|-17.200|110.282|0.000|0.000|0.000|1.000|1.000|1.000
Mesh_DebrisA|7|15|94.706|-16.300|110.186|-0.838|0.000|0.000|1.000|1.000|1.000
Mesh_Car_Taxi|7|0|98.979|-14.900|109.992|-0.489|-0.454|0.000|1.000|1.000|1.000
Mesh_DebrisA|7|16|101.438|-14.500|113.948|-0.838|-1.152|0.000|1.000|1.000|1.000
Mesh_Gray_RockM|7|1|102.097|-17.300|117.730|0.000|0.000|0.000|2.000|2.000|2.000
Mesh_Gray_Rock2|7|0|99.835|-16.200|119.888|0.000|0.000|0.000|1.000|1.000|1.000
Mesh_DebrisA|2|17|105.221|-17.900|110.049|0.000|0.000|0.000|1.000|1.000|1.000
Mesh_DebrisA|2|18|106.437|-17.900|113.514|0.000|0.000|0.000|1.000|1.000|1.000
Mesh_DebrisA|2|19|105.291|-17.900|106.881|0.000|0.000|0.000|1.000|1.000|1.000
Mesh_DebrisA|2|20|100.829|-17.900|108.632|0.000|0.000|0.000|1.000|1.000|1.000
Mesh_DebrisA|2|21|101.997|-17.900|105.087|0.000|0.000|0.000|1.000|1.000|1.000
Mesh_DebrisA|2|22|97.413|-17.900|104.676|0.000|0.000|0.000|1.000|1.000|1.000
Mesh_DebrisA|2|23|92.376|-17.900|105.080|0.000|0.000|0.000|1.000|1.000|1.000
Mesh_DebrisA|2|24|97.116|-17.900|108.126|0.000|0.000|0.000|1.000|1.000|1.000
Mesh_DebrisA|2|25|90.841|-17.900|108.236|0.000|0.000|0.000|1.000|1.000|1.000
Mesh_DebrisA|2|26|87.570|-17.900|104.251|0.000|0.000|0.000|1.000|1.000|1.000
Mesh_DebrisA|2|27|86.380|-17.900|108.030|0.000|0.000|0.000|1.000|1.000|1.000
Mesh_DebrisA|2|28|81.861|-17.810|110.438|0.000|0.000|0.000|1.000|1.000|1.000
Mesh_DebrisA|2|29|82.315|-17.900|104.908|0.000|0.000|0.000|1.000|1.000|1.000
Mesh_DebrisA|2|30|78.163|-17.900|107.348|0.000|0.000|0.000|1.000|1.000|1.000
Mesh_DebrisA|2|31|77.276|-17.900|103.780|0.000|-3.107|0.000|1.000|1.000|1.000
Mesh_DebrisA|3|32|73.996|-18.100|108.879|0.000|-0.716|0.000|1.000|1.000|1.000
Mesh_DebrisA|3|33|72.611|-18.000|104.525|0.087|0.000|0.000|1.000|1.000|1.000
Mesh_Car_Red|7|0|102.101|-15.000|112.665|-0.541|-0.401|-0.140|1.000|1.000|1.000
Mesh_DebrisA|7|35|90.657|-16.850|111.252|0.000|0.000|0.000|1.000|1.000|1.000
Mesh_DebrisA|7|36|86.132|-17.000|109.073|-0.454|-0.576|0.436|1.000|1.000|1.000
Mesh_DebrisA|2|37|68.585|-17.900|103.482|0.000|0.000|0.000|1.000|1.000|1.000
Mesh_DebrisA|2|38|66.029|-17.900|104.196|0.000|0.000|0.000|1.000|1.000|1.000
Mesh_DebrisA|2|39|64.631|-17.900|104.793|0.000|0.000|0.000|1.000|1.000|1.000
Mesh_DebrisA|2|40|63.128|-17.900|106.419|0.000|0.000|0.000|1.000|1.000|1.000
Mesh_DebrisA|2|41|62.752|-17.900|109.463|0.000|0.000|0.000|1.000|1.000|1.000
Mesh_DebrisA|2|42|66.319|-17.900|106.970|0.000|0.000|0.000|1.000|1.000|1.000
Mesh_DebrisA|2|43|69.975|-17.900|107.678|0.000|0.000|0.000|1.000|1.000|1.000
Mesh_DebrisA|2|44|65.389|-17.900|110.704|0.000|0.000|0.000|1.000|1.000|1.000
Mesh_DebrisA|2|45|63.097|-17.900|113.031|0.000|0.000|0.000|1.000|1.000|1.000
Mesh_VCliff|3|0|95.330|-27.600|134.068|-0.070|0.000|0.000|1.000|1.000|1.000
Mesh_DebrisA|2|46|105.884|-18.100|117.408|0.000|0.000|0.000|1.000|1.000|1.000
Mesh_DebrisA|2|47|103.557|-18.100|119.056|0.000|0.000|0.000|1.000|1.000|1.000
Mesh_DebrisA|2|48|104.819|-18.000|121.425|0.000|0.000|0.000|1.000|1.000|1.000
Mesh_DebrisA|2|49|103.969|-18.000|124.000|0.000|0.000|0.000|1.000|1.000|1.000
Mesh_DebrisA|2|50|104.782|-18.000|126.391|0.000|0.000|0.000|1.000|1.000|1.000
Mesh_DebrisA|2|51|105.395|-18.000|129.788|0.000|-1.641|0.000|1.000|1.000|1.000
Mesh_DebrisA|2|52|102.629|-18.000|128.374|0.000|0.000|0.000|1.000|1.000|1.000
Mesh_DebrisA|2|53|103.445|-18.000|131.112|0.000|0.000|0.000|1.000|1.000|1.000
Mesh_DebrisA|2|54|104.822|-18.000|132.781|0.000|0.000|0.000|1.000|1.000|1.000
Mesh_DebrisA|2|55|104.100|-18.000|134.679|0.000|0.000|0.000|1.000|1.000|1.000
Mesh_DebrisA|2|56|104.792|-18.000|137.186|0.000|0.000|0.000|1.000|1.000|1.000
Mesh_DebrisA|2|57|102.274|-18.000|137.536|0.000|0.000|0.000|1.000|1.000|1.000
Mesh_DebrisA|2|58|98.497|-18.000|134.688|0.000|0.000|0.000|1.000|1.000|1.000
Mesh_DebrisA|2|59|97.256|-18.000|128.577|0.000|0.000|0.000|1.000|1.000|1.000
Mesh_DebrisA|2|60|96.643|-17.500|127.796|0.000|0.000|0.000|1.000|1.000|1.000
Mesh_DebrisA|2|61|97.250|-16.800|125.985|0.000|0.000|0.000|1.000|1.000|1.000
Mesh_DebrisA|7|62|95.430|-16.200|128.160|0.000|0.000|0.000|1.000|1.000|1.000
Mesh_DebrisA|2|63|99.713|-18.000|138.070|0.000|0.000|0.000|1.000|1.000|1.000
Mesh_DebrisA|2|64|101.813|-18.000|131.917|0.000|0.000|0.000|1.000|1.000|1.000
Mesh_DebrisA|2|65|95.206|-18.000|137.183|0.000|0.000|0.000|1.000|1.000|1.000
Mesh_DebrisA|2|66|94.397|-18.000|133.162|0.000|0.000|0.000|1.000|1.000|1.000
Mesh_DebrisA|2|67|94.580|-18.000|130.340|0.000|0.000|0.000|1.000|1.000|1.000
Mesh_DebrisA|2|68|91.017|-18.000|130.810|0.000|0.000|0.000|1.000|1.000|1.000
Mesh_DebrisA|2|69|91.117|-18.000|137.518|0.000|0.000|0.000|1.000|1.000|1.000
Mesh_DebrisA|2|70|66.304|-18.000|114.223|0.000|0.000|0.000|1.000|1.000|1.000
Mesh_DebrisA|2|71|62.130|-18.000|115.230|0.000|0.000|0.000|1.000|1.000|1.000
Mesh_DebrisA|2|72|66.092|-18.000|117.197|0.000|0.000|0.000|1.000|1.000|1.000
Mesh_DebrisA|2|73|62.665|-18.000|117.942|0.000|0.000|0.000|1.000|1.000|1.000
Mesh_DebrisA|2|74|65.220|-18.000|120.664|0.000|0.000|0.000|1.000|1.000|1.000
Mesh_DebrisA|2|75|62.489|-18.000|119.533|0.000|0.000|0.000|1.000|1.000|1.000
Mesh_DebrisA|2|76|63.116|-18.000|121.063|0.000|0.000|0.000|1.000|1.000|1.000
Mesh_DebrisA|2|77|63.266|-18.000|123.878|0.000|0.000|0.000|1.000|1.000|1.000
Mesh_DebrisA|2|78|62.561|-18.000|126.437|0.000|0.000|0.000|1.000|1.000|1.000
Mesh_DebrisA|2|79|61.474|-18.000|128.983|0.000|0.000|0.000|1.000|1.000|1.000
Mesh_DebrisA|2|80|62.321|-18.000|129.010|0.000|0.000|0.000|1.000|1.000|1.000
Mesh_DebrisA|2|81|61.937|-18.000|131.941|0.000|0.000|0.000|1.000|1.000|1.000
Mesh_DebrisA|2|82|64.267|-18.000|133.545|0.000|0.000|0.000|1.000|1.000|1.000
Mesh_DebrisA|2|83|68.625|-18.000|137.343|0.000|0.000|0.000|1.000|1.000|1.000
Mesh_DebrisA|2|84|68.217|-18.000|134.490|0.000|0.000|0.000|1.000|1.000|1.000
Mesh_DebrisA|2|85|71.919|-18.000|135.287|0.000|0.000|0.000|1.000|1.000|1.000
Mesh_DebrisA|2|86|91.368|-17.920|135.488|0.000|0.000|0.000|1.000|1.000|1.000
Mesh_DebrisA|2|87|89.448|-17.870|133.956|0.000|0.000|0.000|1.000|1.000|1.000
Mesh_DebrisA|2|88|86.832|-18.000|136.410|0.000|0.000|0.000|1.000|1.000|1.000
Mesh_DebrisA|2|89|87.805|-18.000|132.019|0.000|0.000|0.000|1.000|1.000|1.000
Mesh_DebrisA|2|90|86.875|-18.000|134.554|0.000|0.000|0.000|1.000|1.000|1.000
Mesh_DebrisA|2|91|72.380|-18.000|137.913|0.000|0.000|0.000|1.000|1.000|1.000
Mesh_DebrisA|2|92|75.782|-18.000|137.412|0.000|0.000|0.000|1.000|1.000|1.000
Mesh_DebrisA|2|93|83.170|-18.000|136.862|0.000|0.000|0.000|1.000|1.000|1.000
Mesh_DebrisA|2|94|79.135|-18.000|137.113|0.000|0.000|0.000|1.000|1.000|1.000
Mesh_DebrisA|2|95|103.762|-18.000|139.901|0.000|0.000|0.000|1.000|1.000|1.000
Mesh_DebrisA|2|96|103.634|-18.000|140.605|0.000|0.000|0.000|1.000|1.000|1.000
Mesh_DebrisA|2|97|103.149|-18.000|142.342|0.000|0.000|0.000|1.000|1.000|1.000
Mesh_DebrisA|2|98|98.951|-18.000|141.205|0.000|0.000|0.000|1.000|1.000|1.000
Mesh_DebrisA|2|99|94.818|-18.000|139.957|0.000|0.000|0.000|1.000|1.000|1.000
Mesh_DebrisA|2|100|90.861|-18.000|140.384|0.000|0.000|0.000|1.000|1.000|1.000
Mesh_DebrisA|2|101|87.225|-18.000|138.858|0.000|0.000|0.000|1.000|1.000|1.000
Mesh_DebrisA|2|102|82.779|-18.000|140.429|0.000|0.000|0.000|1.000|1.000|1.000
Mesh_DebrisA|2|103|78.841|-18.000|139.012|0.000|0.000|0.000|1.000|1.000|1.000
Mesh_DebrisA|2|104|64.061|-18.000|136.185|0.000|0.000|0.000|1.000|1.000|1.000
Mesh_DebrisA|2|105|99.485|-18.000|143.805|0.000|0.000|0.000|1.000|1.000|1.000
Mesh_DebrisA|2|106|96.557|-18.000|143.740|0.000|0.000|0.000|1.000|1.000|1.000
Mesh_DebrisA|2|107|93.685|-18.000|142.766|0.000|0.000|0.000|1.000|1.000|1.000
Mesh_DebrisA|2|108|89.965|-18.000|143.404|0.000|0.000|0.000|1.000|1.000|1.000
Mesh_DebrisA|2|109|87.637|-18.000|142.016|0.000|0.000|0.000|1.000|1.000|1.000
Mesh_DebrisA|2|110|86.770|-18.000|144.569|0.000|0.000|0.000|1.000|1.000|1.000
Mesh_DebrisA|2|111|83.493|-18.000|142.384|0.000|0.000|0.000|1.000|1.000|1.000
Mesh_DebrisA|2|112|82.868|-18.000|144.970|0.000|0.000|0.000|1.000|1.000|1.000
Mesh_DebrisA|2|113|79.018|-18.000|141.714|0.000|0.000|0.000|1.000|1.000|1.000
Mesh_DebrisA|2|114|79.166|-18.000|144.529|0.000|0.000|0.000|1.000|1.000|1.000
Mesh_DebrisA|2|115|74.971|-18.000|140.687|0.000|0.000|0.000|1.000|1.000|1.000
Mesh_DebrisA|2|116|75.596|-18.000|143.457|0.000|0.000|0.000|1.000|1.000|1.000
Mesh_DebrisA|2|117|77.182|-18.000|144.471|0.000|0.000|0.000|1.000|1.000|1.000
Mesh_DebrisA|2|118|72.135|-18.000|143.871|0.000|0.000|0.000|1.000|1.000|1.000
Mesh_DebrisA|2|119|70.247|-18.000|140.449|0.000|0.000|0.000|1.000|1.000|1.000
Mesh_DebrisA|2|120|65.773|-18.000|139.162|0.000|0.000|0.000|1.000|1.000|1.000
Mesh_DebrisA|2|121|67.349|-18.000|141.873|0.000|0.000|0.000|1.000|1.000|1.000
Mesh_DebrisA|2|122|68.918|-18.000|144.394|0.000|0.000|0.000|1.000|1.000|1.000
Mesh_DebrisA|2|123|66.470|-18.000|144.012|0.000|0.000|0.000|1.000|1.000|1.000
Mesh_DebrisA|2|124|63.139|-18.000|142.062|0.000|0.000|0.000|1.000|1.000|1.000
Mesh_DebrisA|2|125|64.467|-18.000|139.936|0.000|0.000|0.000|1.000|1.000|1.000
Mesh_DebrisA|2|126|63.611|-18.000|143.748|0.000|0.000|0.000|1.000|1.000|1.000
Mesh_DebrisA|2|127|61.763|-18.000|138.807|0.000|0.000|0.000|1.000|1.000|1.000
Mesh_DebrisA|2|128|61.119|-18.000|135.536|0.000|0.000|0.000|1.000|1.000|1.000
Mesh_Test_StairsB|7|2|84.705|-17.900|132.690|0.000|1.571|0.000|1.000|1.000|1.000
Mesh_Big_Grayrock|7|2|100.174|-17.900|128.379|0.000|0.000|0.000|1.000|1.000|1.000
Mesh_Gray_RockL|7|1|102.039|-17.900|131.991|0.000|0.000|0.000|1.000|1.000|1.000
Mesh_Wall_Grayrock|7|0|100.813|-15.400|132.029|0.000|0.000|0.000|1.000|1.000|1.000
Mesh_ConcWall_B|7|0|103.958|-17.600|134.571|0.000|0.000|0.000|1.000|1.000|1.000
Mesh_ConcWall_B|7|1|103.317|-17.000|135.041|0.000|0.000|0.000|1.000|1.000|1.000
Mesh_ConcWall_B|7|2|100.208|-16.100|132.713|0.000|0.000|0.000|1.000|1.000|1.000
Mesh_Concrete_WallA|7|0|103.319|-16.300|139.501|0.000|0.000|0.000|1.000|1.000|1.000
Mesh_RubblA_L_Org|7|0|99.593|-17.400|138.444|0.000|0.000|0.000|1.000|1.000|1.000
Mesh_Gray_RockL|7|2|104.084|-17.400|138.045|0.192|2.827|0.000|1.000|1.000|1.000
Mesh_Concrete_WallB|7|0|102.559|-16.100|137.653|0.000|0.000|0.000|1.000|1.000|1.000
Mesh_Gaia_A|7|8|103.295|-21.800|128.991|1.274|1.484|-0.122|1.500|1.500|1.500
Mesh_Base_Ground|1|62|135.405|-18.100|115.822|0.000|0.000|0.000|1.000|1.000|1.000
Mesh_Base_Ground|1|63|142.901|-18.100|113.322|0.000|0.000|0.000|2.000|2.000|2.000
Mesh_Base_Ground|1|68|152.891|-18.100|113.322|0.000|0.000|0.000|2.000|2.000|2.000
Mesh_Base_Ground|1|69|142.898|-18.100|103.325|0.000|0.000|0.000|2.000|2.000|2.000
Mesh_Base_Ground|1|70|152.891|-18.100|103.332|0.000|0.000|0.000|2.000|2.000|2.000
Mesh_Base_Ground|1|71|152.891|-18.100|93.332|0.000|0.000|0.000|2.000|2.000|2.000
Mesh_Base_Ground|1|72|152.891|-18.100|83.332|0.000|0.000|0.000|2.000|2.000|2.000
Mesh_Base_Ground|1|74|152.891|-18.100|73.332|0.000|0.000|0.000|2.000|2.000|2.000
Mesh_Base_Ground|1|75|152.891|-18.100|63.336|0.000|0.000|0.000|2.000|2.000|2.000
Mesh_DebrisA|2|129|130.136|-18.600|115.357|0.000|0.000|0.000|1.000|1.000|1.000
Mesh_DebrisA|2|130|130.865|-18.800|113.672|0.000|0.000|0.000|1.000|1.000|1.000
Mesh_DebrisA|2|131|132.175|-18.500|117.038|0.000|0.000|0.000|1.000|1.000|1.000
Mesh_DebrisA|2|132|133.041|-18.500|113.698|0.000|0.000|0.000|1.000|1.000|1.000
Mesh_DebrisA|2|133|135.047|-18.500|119.212|0.000|0.000|0.000|1.000|1.000|1.000
Mesh_DebrisA|2|134|136.700|-18.500|111.845|0.000|0.000|0.000|1.000|1.000|1.000
Mesh_DebrisA|2|135|138.339|-18.500|110.612|0.000|0.000|0.000|1.000|1.000|1.000
Mesh_Base_Ground|2|76|142.898|-18.100|93.325|0.000|0.000|0.000|2.000|2.000|2.000
Mesh_Base_Ground|2|77|142.898|-18.100|83.325|0.000|0.000|0.000|2.000|2.000|2.000
Mesh_Base_Ground|2|78|142.898|-18.100|73.325|0.000|0.000|0.000|2.000|2.000|2.000
Mesh_Base_Ground|2|79|142.898|-18.100|63.325|0.000|0.000|0.000|2.000|2.000|2.000
Mesh_Container_A|8|1|140.565|-18.200|120.465|0.000|0.000|0.000|1.000|1.000|1.000
Mesh_Car_Yellow|8|1|142.294|-17.100|118.434|0.419|1.658|0.000|1.000|1.000|1.000
Mesh_Car_Trunck|8|8|138.423|-18.200|117.397|-0.157|-0.820|0.000|1.000|1.000|1.000
Mesh_Gray_RockL|8|21|139.625|-18.200|119.284|0.000|0.000|0.000|1.000|1.000|1.000
Mesh_Gray_RockM|8|21|140.744|-18.200|117.263|0.000|0.000|0.000|1.000|1.000|1.000
Mesh_Big_Grayrock|8|27|146.705|-18.200|119.906|0.000|0.000|0.000|1.000|1.000|1.000
Mesh_DebrisA|8|136|143.010|-18.200|117.149|0.000|0.000|0.000|1.000|1.000|1.000
Mesh_DebrisA|8|137|142.006|-17.700|119.275|0.000|0.000|0.000|1.000|1.000|1.000
Mesh_GuardrailA|8|0|141.184|-18.100|113.635|0.000|0.000|0.000|2.000|2.000|2.000
Mesh_ConcPillar|8|3|146.201|-17.400|116.041|0.087|0.244|1.466|1.000|1.000|1.000
Mesh_GuardrailB|8|0|145.621|-18.100|113.410|0.000|0.070|0.000|2.000|2.000|2.000
Mesh_GuardrailB|8|1|149.579|-18.100|112.748|0.000|0.297|0.000|2.000|2.000|2.000
Mesh_GuardrailB|8|2|152.939|-18.100|110.665|0.000|0.855|0.000|2.000|2.000|2.000
Mesh_GuardrailB|8|3|154.078|-18.100|107.057|0.000|1.571|0.000|2.000|2.000|2.000
Mesh_GuardrailB|8|4|154.095|-18.100|102.906|0.000|1.571|0.000|2.000|2.000|2.000
Mesh_GuardrailC|8|0|154.132|-18.100|98.663|0.000|1.571|0.000|2.000|2.000|2.000
Mesh_Gaia_A|8|42|150.070|-21.600|118.729|0.000|0.000|0.000|1.000|1.000|1.000
Mesh_Gaia_A|8|43|153.993|-20.400|119.884|-0.681|-0.035|0.000|1.000|1.000|1.000
Mesh_Gaia_A|8|44|155.314|-27.200|112.593|0.000|0.000|0.000|1.000|1.000|1.000
Mesh_Gaia_A|8|45|153.527|-24.900|119.733|0.000|0.000|0.000|1.500|1.500|1.500
Mesh_Gaia_A|8|46|159.533|-21.600|105.680|-0.035|0.052|0.524|1.000|1.000|1.000
Mesh_Container_A|8|2|140.703|-16.200|121.186|0.000|0.000|0.000|1.000|1.000|1.000
Mesh_Gaia_A|8|47|162.816|-20.900|86.912|-0.052|0.052|0.628|1.500|1.500|1.500
Mesh_Concrete_WallB|8|12|157.000|-18.100|103.629|0.000|0.000|0.000|1.000|1.000|1.000
Mesh_Concrete_WallB|8|13|157.613|-17.600|101.291|0.000|0.000|0.000|1.000|1.000|1.000
Mesh_Concrete_WallB|8|14|158.021|-17.200|101.174|0.000|0.000|0.000|1.000|1.000|1.000
Mesh_Big_Grayrock|8|28|157.488|-17.200|89.910|1.257|-0.367|0.000|1.000|1.000|1.000
Mesh_Concrete_WallC|8|7|154.594|-17.200|95.167|0.384|1.571|0.000|1.000|1.000|1.000
Mesh_Gray_RockL|8|22|155.935|-17.200|86.511|0.000|0.000|0.000|1.000|1.000|1.000
Mesh_Gray_RockL|8|23|156.905|-17.200|98.937|0.000|0.000|0.000|1.000|1.000|1.000
Mesh_DebrisA|8|138|155.313|-18.000|87.840|0.000|0.000|0.000|1.000|1.000|1.000
Mesh_Car_Trunck|8|9|156.013|-18.200|82.378|0.000|0.000|0.000|1.000|1.000|1.000
Mesh_Big_Grayrock|8|29|159.866|-18.100|80.747|0.000|0.000|0.000|1.000|1.000|1.000
Mesh_Gray_RockM|8|22|155.681|-18.100|79.545|0.000|0.000|0.000|1.000|1.000|1.000
Mesh_Gaia_A|8|48|157.071|-25.300|77.187|0.000|0.000|0.000|1.000|1.000|1.000
Mesh_Gaia_A|8|49|157.457|-22.600|73.427|0.209|0.070|0.227|1.000|1.000|1.000
Mesh_GuardrailC|8|1|154.766|-18.100|63.247|0.000|-0.471|0.000|2.000|2.000|2.000
Mesh_GuardrailB|8|5|151.037|-18.100|62.277|0.000|0.000|0.000|2.000|2.000|2.000
Mesh_GuardrailB|8|6|146.913|-18.100|62.336|0.000|0.000|0.000|2.000|2.000|2.000
Mesh_GuardrailA|8|1|142.538|-18.100|62.279|0.000|0.000|0.000|2.000|2.000|2.000
Mesh_Big_Grayrock|8|30|141.663|-18.100|63.986|-1.187|-0.541|0.000|1.000|1.000|1.000
Mesh_Car_Taxi|8|2|142.420|-15.800|65.849|0.506|0.000|0.000|1.000|1.000|1.000
Mesh_ConcWall_B|8|22|144.023|-18.100|65.098|0.000|0.000|0.000|1.000|1.000|1.000
Mesh_Car_Red|8|4|142.414|-18.100|70.839|0.000|-0.489|0.000|1.000|1.000|1.000
Mesh_DebrisA|8|139|139.256|-18.100|69.969|0.000|0.000|0.000|1.000|1.000|1.000
Mesh_DebrisA|8|140|139.018|-17.500|69.307|0.000|0.000|0.000|1.000|1.000|1.000
Mesh_DebrisA|8|141|138.380|-16.900|67.970|0.000|0.000|0.000|1.000|1.000|1.000
Mesh_ConcPillar|8|4|138.399|-18.100|72.481|0.000|0.000|0.000|1.000|1.000|1.000
Mesh_Concrete_WallD|8|5|141.201|-18.100|73.359|0.000|0.000|0.000|1.000|1.000|1.000
Mesh_Gaia_A|8|50|138.499|-22.700|77.758|-0.506|-0.506|0.000|1.000|1.000|1.000
Mesh_Big_Grayrock|8|31|138.474|-18.100|76.546|-1.187|0.471|0.000|1.000|1.000|1.000
Mesh_Big_Grayrock|8|32|137.560|-17.600|82.253|-0.768|-1.501|0.000|1.000|1.000|1.000
Mesh_Big_Grayrock|8|33|138.158|-17.100|78.330|0.000|0.000|0.000|1.000|1.000|1.000
Mesh_Big_Grayrock|8|34|141.158|-18.100|88.361|1.082|-2.182|0.000|1.000|1.000|1.000
Mesh_Car_Red|8|5|142.716|-18.100|79.901|0.000|0.000|0.000|1.000|1.000|1.000
Mesh_DebrisA|8|142|140.716|-18.100|82.200|0.000|0.000|0.000|1.000|1.000|1.000
Mesh_DebrisA|8|143|140.407|-17.500|82.148|0.000|0.000|0.000|1.000|1.000|1.000
Mesh_Wall_Grayrock|8|20|139.216|-18.100|93.364|0.000|0.000|0.000|2.000|2.000|2.000
Mesh_Gaia_A|8|51|143.316|-27.500|85.800|0.000|0.000|0.000|1.000|1.000|1.000
Mesh_Gaia_A|8|52|143.124|-29.700|84.925|0.000|0.000|0.000|1.000|1.000|1.000
Mesh_Gray_RockL|8|24|138.931|-18.100|99.136|0.000|0.000|0.000|1.000|1.000|1.000
Mesh_Gray_RockL|8|25|138.832|-17.200|98.103|0.000|0.000|0.000|1.000|1.000|1.000
Mesh_DebrisA|8|144|139.150|-18.500|106.946|0.000|0.000|0.000|1.000|1.000|1.000
Mesh_DebrisA|8|145|133.709|-18.400|110.418|0.000|0.000|0.000|1.000|1.000|1.000
Mesh_DebrisA|8|146|135.841|-18.400|107.782|0.000|0.000|0.000|1.000|1.000|1.000
Mesh_DebrisA|8|147|137.421|-18.400|105.188|0.000|0.000|0.000|1.000|1.000|1.000
Mesh_DebrisA|8|148|138.999|-18.400|102.902|0.000|0.000|0.000|1.000|1.000|1.000
Mesh_DebrisA|8|149|139.602|-18.400|101.663|0.000|0.000|0.000|1.000|1.000|1.000
Mesh_DebrisA|8|150|158.154|-18.400|63.719|0.000|0.000|0.000|1.000|1.000|1.000
Mesh_DebrisA|8|151|157.038|-18.400|61.063|0.000|0.000|0.000|1.000|1.000|1.000
Mesh_DebrisA|8|152|155.303|-18.400|60.722|0.000|0.000|0.000|1.000|1.000|1.000
Mesh_DebrisA|8|153|155.700|-18.400|61.687|0.000|0.000|0.000|1.000|1.000|1.000
Mesh_DebrisA|8|154|142.496|-18.400|59.726|0.000|0.000|0.000|1.000|1.000|1.000
Mesh_DebrisA|8|155|153.346|-18.400|61.438|0.000|0.000|0.000|1.000|1.000|1.000
Mesh_DebrisA|8|156|153.997|-18.400|59.162|0.000|0.000|0.000|1.000|1.000|1.000
Mesh_DebrisA|8|157|152.016|-18.400|59.218|0.000|0.000|0.000|1.000|1.000|1.000
Mesh_DebrisA|8|158|150.908|-18.400|60.796|0.000|0.000|0.000|1.000|1.000|1.000
Mesh_DebrisA|8|159|147.900|-18.400|60.777|0.000|0.000|0.000|1.000|1.000|1.000
Mesh_DebrisA|8|160|145.974|-18.400|59.965|0.000|0.000|0.000|1.000|1.000|1.000
Mesh_DebrisA|8|161|149.348|-18.400|59.152|0.000|0.000|0.000|1.000|1.000|1.000
Mesh_Car_Taxi|8|3|140.213|-14.200|83.836|0.506|0.000|0.000|1.000|1.000|1.000
Mesh_Big_Grayrock|8|35|140.666|-19.000|93.332|0.000|0.000|0.000|1.000|1.000|1.000
Mesh_Big_Grayrock|8|36|141.260|-19.000|91.969|0.000|0.000|0.000|1.000|1.000|1.000
Mesh_Gray_RockL|8|26|143.483|-19.000|87.315|0.000|0.000|0.000|1.000|1.000|1.000
Mesh_Gray_RockL|8|27|142.080|-19.000|96.500|0.000|0.000|0.000|1.000|1.000|1.000
Mesh_Big_Grayrock|8|37|142.464|-19.000|92.156|1.047|-0.593|0.000|1.000|1.000|1.000
Mesh_Big_Grayrock|8|38|141.257|-19.000|98.891|0.000|0.000|0.000|1.000|1.000|1.000
Mesh_Big_Grayrock|8|39|143.385|-20.100|64.122|0.000|0.000|0.000|1.000|1.000|1.000
Mesh_DebrisA|8|162|142.819|-18.300|90.055|0.000|0.000|0.000|1.000|1.000|1.000
Mesh_DebrisA|8|163|142.772|-18.000|89.910|0.000|0.000|0.000|1.000|1.000|1.000
Mesh_DebrisA|8|164|143.139|-18.000|87.080|0.000|0.000|0.000|1.000|1.000|1.000
Mesh_DebrisA|8|165|142.769|-17.400|88.111|0.000|0.000|0.000|1.000|1.000|1.000
Mesh_DebrisA|8|166|143.332|-17.400|88.956|0.000|0.000|0.000|1.000|1.000|1.000
Mesh_DebrisA|8|167|144.617|-18.600|70.408|0.000|0.000|0.000|1.000|1.000|1.000
Mesh_Big_Grayrock|8|40|141.087|-18.600|74.542|0.000|0.000|0.000|1.000|1.000|1.000
Mesh_ConcWall_B|8|23|145.071|-18.600|73.944|0.000|0.000|0.000|1.000|1.000|1.000
Mesh_ConcWall_B|8|24|142.941|-17.800|75.094|0.000|-0.052|0.000|1.000|1.000|1.000
Mesh_Concrete_WallD|8|6|145.862|-18.200|68.046|-0.454|1.571|0.000|1.000|1.000|1.000
Mesh_Gray_RockL|8|28|146.145|-18.200|67.364|0.000|0.000|0.000|1.000|1.000|1.000
Mesh_Gray_RockM|8|23|143.850|-17.900|72.007|0.000|0.000|0.000|3.000|3.000|3.000
Mesh_Car_Trunck|8|10|148.019|-18.200|70.889|0.000|0.000|0.000|1.000|1.000|1.000
Mesh_Gray_RockL|8|29|146.436|-18.900|70.989|0.000|0.000|0.000|1.000|1.000|1.000
Mesh_Gray_RockL|8|30|140.093|-18.500|80.569|0.000|0.000|0.000|1.000|1.000|1.000
Mesh_DebrisA|8|168|146.002|-18.400|73.837|0.000|0.000|0.000|1.000|1.000|1.000
Mesh_DebrisA|8|169|140.955|-18.400|82.800|0.000|0.000|0.000|1.000|1.000|1.000
Mesh_Car_Trunck|8|11|152.202|-18.100|107.856|0.000|-0.541|0.000|1.000|1.000|1.000
Mesh_Drmu_fire|8|4|150.691|-18.100|110.332|0.000|0.000|0.000|1.500|1.500|1.500
Mesh_Drmu_fire|8|5|149.514|-18.100|109.831|0.000|0.000|0.000|1.500|1.500|1.500
Mesh_Drmu_fire|8|6|150.044|-18.100|111.120|0.000|0.000|0.000|1.500|1.500|1.500
Mesh_DebrisA|8|170|90.112|-18.000|103.227|0.000|0.000|0.000|1.000|1.000|1.000
Mesh_DebrisA|8|171|91.903|-18.000|102.201|0.000|0.000|0.000|1.000|1.000|1.000
Mesh_DebrisA|8|172|94.015|-18.000|103.191|0.000|0.000|0.000|1.000|1.000|1.000
Mesh_DebrisA|8|173|95.443|-18.000|103.056|0.000|0.000|0.000|1.000|1.000|1.000
Mesh_DebrisA|8|174|93.385|-18.000|102.432|0.000|0.000|0.000|1.000|1.000|1.000
Mesh_DebrisA|8|175|93.624|-18.600|101.095|0.000|0.000|0.000|1.000|1.000|1.000
Mesh_DebrisA|8|176|94.216|-18.600|101.571|0.000|0.000|0.000|1.000|1.000|1.000
Mesh_DebrisA|8|177|95.120|-18.600|102.285|0.000|0.000|0.000|1.000|1.000|1.000
Mesh_DebrisA|8|178|95.613|-18.600|103.017|0.000|0.000|0.000|1.000|1.000|1.000
Mesh_DebrisA|8|179|93.561|-18.100|101.614|0.000|0.000|0.000|1.000|1.000|1.000
Mesh_DebrisA|8|180|95.253|-18.100|102.817|0.000|0.000|0.000|1.000|1.000|1.000
Mesh_Cliff_Rock|3|1|-1.518|-37.600|69.148|0.000|-1.169|0.000|0.700|0.700|0.700
Mesh_Cliff_smallend|3|9|12.849|-17.100|94.173|0.000|-0.785|0.000|1.000|1.000|1.000
Mesh_Cliff_smallend|3|10|27.044|-18.100|104.890|0.000|-0.785|0.000|1.000|1.000|1.000
Mesh_Cliff_smallend|3|11|35.038|-15.100|120.623|0.000|-1.187|0.000|1.000|1.000|1.000
Mesh_Cliff_smallend|3|14|-6.467|-25.900|8.193|0.000|0.000|0.000|1.500|1.500|1.500
Mesh_Cliff_smallend|3|15|-1.450|-23.800|-4.353|0.000|0.000|0.000|1.500|1.500|1.500
Mesh_Cliff_Rock|3|3|82.705|-56.000|123.078|0.000|0.000|0.000|0.700|0.700|0.700
Mesh_Cliff_smallend|3|16|66.379|-33.000|116.840|0.000|1.571|0.000|1.000|1.000|1.000
Mesh_Mistletoe|0|1|152.276|-18.100|69.737|0.000|0.000|0.000|1.000|1.000|1.000
Mesh_Concrete_PillarA|6|3|74.459|-17.600|135.982|0.419|-0.052|-1.553|1.000|1.000|1.000
Mesh_Building_C|4|0|213.827|-49.000|-125.931|0.087|0.000|0.000|1.000|1.000|1.000
Mesh_Building_E|4|0|197.356|-49.000|-35.822|0.000|-0.279|0.000|0.800|0.800|0.800
Mesh_Building_D|4|0|157.799|-48.000|-156.008|0.000|3.142|0.000|1.000|1.000|1.000
Mesh_Building_C|4|1|51.539|-49.000|-202.782|0.000|0.000|0.000|1.000|1.000|1.000
Mesh_Building_E|4|1|130.942|-49.000|-215.557|0.000|-0.227|0.000|1.000|1.000|1.000
Mesh_Building_E|4|2|102.908|0.000|-238.779|0.000|0.000|0.000|1.000|1.000|1.000
Mesh_Building_D|4|1|-40.636|-49.000|-213.646|0.122|-2.165|-0.349|1.000|1.000|1.000
Mesh_Building_C|4|2|-110.837|-49.000|-207.118|0.000|-1.868|0.000|1.000|1.000|1.000
Mesh_Building_E|4|3|-187.595|-49.000|-258.833|0.000|0.000|0.000|0.800|0.800|0.800
Mesh_Building_D|4|2|-199.059|-49.000|-164.074|0.000|-2.094|0.000|1.000|1.000|1.000
Mesh_Building_C|4|3|-246.831|-64.000|-84.106|0.000|-0.524|0.000|0.700|0.700|0.700
Mesh_Building_C|4|4|-217.788|-102.000|13.821|0.035|-1.082|0.157|0.800|0.800|0.800
Mesh_Building_E|4|4|-238.452|-106.900|-35.282|0.000|0.000|0.052|1.000|1.000|1.000
Mesh_Building_E|4|5|-257.200|-49.000|-145.047|0.454|-2.269|-0.279|1.000|1.000|1.000
Mesh_Building_E|4|6|-240.964|-49.000|262.968|0.000|0.000|0.000|1.000|1.000|1.000
Mesh_Building_E|4|7|-245.211|-83.000|70.130|0.000|0.000|0.000|1.000|1.000|1.000
Mesh_Building_C|4|5|-262.564|-49.000|134.302|-0.209|0.000|-0.105|1.000|1.000|1.000
Mesh_Building_D|4|3|-6.535|-49.000|247.567|0.000|0.000|0.000|1.000|1.000|1.000
Mesh_Building_C|4|6|-160.418|-49.000|230.746|0.000|0.000|0.000|1.000|1.000|1.000
Mesh_Building_C|4|7|-99.171|-49.000|251.897|0.192|-0.314|0.140|1.000|1.000|1.000
Mesh_Building_E|4|8|-51.388|-50.000|210.804|0.192|0.035|0.070|1.000|1.000|1.000
Mesh_Building_C|4|8|37.830|-67.000|350.998|0.000|0.000|0.000|1.000|1.000|1.000
Mesh_Building_D|4|4|-300.140|-50.000|191.604|0.000|0.000|0.000|1.000|1.000|1.000
Mesh_Building_D|4|5|-264.980|-50.000|239.349|0.000|0.000|0.000|1.000|1.000|1.000
Mesh_Building_E|4|9|-38.614|-75.000|357.041|0.000|0.000|0.000|1.000|1.000|1.000
Mesh_Building_D|4|6|95.840|-68.000|353.874|0.087|0.000|0.070|1.000|1.000|1.000
Mesh_Building_E|4|10|157.799|-55.000|338.246|0.000|0.000|0.000|1.000|1.000|1.000
Mesh_Building_E|4|11|251.856|-50.000|1.408|0.000|0.000|0.000|1.000|1.000|1.000
Mesh_Building_D|4|7|323.657|-85.000|90.287|0.000|2.705|0.000|1.000|1.000|1.000
Mesh_Building_C|4|10|377.777|-50.000|117.104|0.000|0.000|0.000|1.000|1.000|1.000
Mesh_Building_C|4|11|236.945|-69.000|366.781|-0.105|0.070|-0.035|1.000|1.000|1.000
Mesh_Building_D|4|8|294.924|-72.000|389.245|0.000|0.000|0.000|1.000|1.000|1.000
Mesh_Building_E|4|12|305.310|-61.000|285.142|0.157|0.593|0.122|1.000|1.000|1.000
Mesh_Building_E|4|13|304.426|-77.000|173.352|0.052|0.000|-0.262|1.000|1.000|1.000
Mesh_Building_C|4|12|347.556|-76.000|223.557|0.000|0.000|0.000|1.000|1.000|1.000
Mesh_Base_Ground|1|18|-7.863|0.000|70.972|0.000|0.000|0.000|1.000|1.000|1.000
Mesh_Base_Ground|1|44|-2.866|0.000|70.972|0.000|0.000|0.000|1.000|1.000|1.000
Mesh_Base_Ground|1|45|2.105|0.000|70.972|0.000|0.000|0.000|1.000|1.000|1.000
Mesh_Gaia_A|5|53|-14.454|-3.800|87.079|0.471|0.000|0.175|1.000|1.000|1.000
Mesh_Big_Grayrock|5|41|-16.660|0.000|85.682|0.000|0.000|0.000|1.000|1.000|1.000
Mesh_Concrete_WallA|5|11|-18.492|2.700|88.873|0.000|0.000|0.000|1.000|1.000|1.000
Mesh_Gray_Rock2|5|8|-17.071|0.000|91.720|0.000|0.000|0.000|1.000|1.000|1.000
Mesh_Gray_Rock2|5|9|-14.548|-0.700|92.016|0.000|0.000|0.000|1.000|1.000|1.000
Mesh_Gray_Rock2|5|10|-17.432|1.000|90.979|0.000|0.000|0.000|1.000|1.000|1.000
Mesh_Gray_Rock2|5|11|-17.961|2.200|90.032|0.000|0.000|0.000|1.000|1.000|1.000
Mesh_DebrisA|0|181|157.996|-17.420|65.598|0.000|0.000|0.349|1.000|1.000|1.000
Mesh_Big_Grayrock|0|42|159.957|-18.080|61.989|0.000|0.000|0.000|1.000|1.000|1.000
Mesh_Big_Grayrock|0|43|84.716|-18.080|113.851|0.000|0.000|0.000|1.000|1.000|1.000
Mesh_Wood_Box|0|2|75.991|-17.510|109.853|0.000|0.000|0.000|1.000|1.000|1.000
Mesh_Wood_Box|0|3|73.603|-17.490|110.017|0.000|0.524|0.000|0.800|0.800|0.800
Mesh_Gaia_A|0|54|81.250|-20.300|113.683|-0.524|0.000|0.000|1.000|1.000|1.000
Mesh_Big_Grayrock|0|44|74.203|-18.130|115.147|0.000|0.000|0.000|1.000|1.000|1.000
Mesh_Big_Grayrock|0|46|72.464|-18.080|125.796|0.000|0.000|0.000|1.000|1.000|1.000
Mesh_ConcWall_B|0|25|85.303|-18.060|126.095|0.000|0.000|0.000|1.000|1.000|1.000
Mesh_Big_Grayrock|0|47|90.327|-18.080|126.527|0.000|0.000|0.000|1.000|1.000|1.000
Mesh_Big_Grayrock|0|49|85.658|-18.080|123.752|0.000|0.000|0.000|1.000|1.000|1.000
Mesh_Home_Lawn_S|0|5|25.934|0.200|133.243|0.000|0.000|0.000|1.000|1.000|1.000
Mesh_RubblA_L_Org|0|12|17.543|-0.050|141.727|0.000|0.000|0.000|1.000|1.000|1.000
Mesh_RubblA_L_Org|0|13|26.630|0.000|139.321|0.000|0.000|0.000|1.000|1.000|1.000
Mesh_Home_LawnRubble|0|0|18.634|0.000|138.433|0.000|0.000|0.000|1.000|1.000|1.000
Mesh_GrayStoneFloorM|0|7|20.248|0.050|139.395|0.000|0.000|0.000|1.000|1.000|1.000
Mesh_GrayStoneFloorS|0|178|22.998|0.075|137.968|0.000|0.000|0.000|1.000|1.000|1.000
Mesh_Concrete_WallA|0|12|75.587|-18.000|111.500|0.000|0.000|0.000|1.000|1.000|1.000
Mesh_Concrete_PillarA|0|4|71.726|-18.000|122.018|0.000|0.000|0.000|1.000|1.000|1.000
Mesh_Concrete_WallB|0|15|73.354|-17.300|119.972|0.000|0.524|0.000|2.000|2.000|2.000
Mesh_Gaia_floor|0|1|74.591|-18.000|115.037|0.000|0.000|0.000|1.000|1.000|1.000
Mesh_Concrete_WallA|0|13|70.303|-18.000|112.891|0.000|0.349|0.000|1.000|1.000|1.000
Mesh_SignboardA|0|2|68.132|-18.000|110.518|0.000|0.000|0.000|1.000|1.000|1.000
Mesh_DebrisA|0|182|71.372|-16.450|111.642|-0.349|0.000|0.000|1.000|1.000|1.000
Mesh_DebrisA|0|183|77.850|-16.650|113.495|0.000|0.000|0.000|1.000|1.000|1.000
Mesh_Concrete_WallE|0|5|92.156|-18.000|112.917|0.000|0.000|0.000|1.000|1.000|1.000
Mesh_Concrete_WallC|0|8|87.181|-13.950|111.214|0.524|0.349|0.000|1.000|1.000|1.000
Mesh_ConcPillar|0|5|97.678|-18.000|120.527|0.000|0.000|0.000|1.000|1.000|1.000
Mesh_Big_Grayrock|0|45|77.880|-18.000|126.104|0.000|0.000|0.000|1.000|1.000|1.000
Mesh_Gaia_A|0|22|80.900|-18.000|124.075|0.000|0.000|0.000|1.000|1.000|1.000
Mesh_Gaia_A|0|55|85.416|-21.450|118.656|0.000|0.000|0.000|1.500|1.500|1.500
Mesh_Concrete_WallE|0|6|95.146|-18.000|124.893|-0.873|0.524|0.524|1.000|1.000|1.000
Mesh_DirtHole|0|0|78.350|-17.300|120.018|0.000|0.000|0.000|3.000|2.000|3.000
Mesh_DirtHole|0|1|91.853|-18.850|116.515|0.175|0.000|0.000|3.000|2.000|3.000
Mesh_Gaia_A|0|56|92.595|-20.700|144.417|-0.611|3.142|0.000|1.000|1.000|1.000
Mesh_Wood_Box|0|4|73.493|-17.500|129.395|0.000|0.000|0.000|1.000|1.000|1.000
Mesh_ConcPillar|0|6|69.404|-18.000|128.633|0.000|0.000|0.000|1.000|1.000|1.000
Mesh_Drmu_fire|0|7|70.096|-17.500|129.300|0.000|0.000|0.000|1.000|1.000|1.000
Mesh_Drmu_fire|0|8|70.861|-17.500|129.684|0.000|0.000|0.000|1.000|1.000|1.000
Mesh_RubblA_L_Org|0|14|69.179|-17.350|123.380|0.000|0.000|0.000|1.000|1.000|1.000
Mesh_ArchA|0|1|16.000|0.200|141.000|0.000|1.920|0.000|1.000|1.000|1.000
Mesh_Concrete_WallE|0|7|158.426|-18.950|71.716|0.000|1.396|0.000|1.000|1.000|1.000
Mesh_RubblA_L_Org|0|15|157.384|-18.150|68.673|0.000|0.000|0.000|1.000|1.000|1.000
Mesh_Gaia_A|0|57|161.283|-19.700|66.783|0.000|0.000|0.000|1.000|1.000|1.000
Mesh_Gaia_A|0|58|139.657|-20.200|92.673|-0.750|3.142|0.349|2.000|2.000|2.000
Mesh_Mistletoe|99|2|-0.718|0.820|2.802|0.000|0.000|0.000|1.000|1.000|1.000
Mesh_Drop_ItemBox_Body|7|0|16.023|0.000|147.902|0.000|1.571|0.000|1.000|1.000|1.000
Mesh_Drop_ItemBox_Lid|7|0|15.605|0.600|147.891|0.000|-1.571|0.000|1.000|1.000|1.000
Mesh_Drop_ItemBox_Body|7|1|83.771|0.000|159.187|0.000|-1.571|0.000|1.000|1.000|1.000
Mesh_Drop_ItemBox_Lid|7|1|83.352|0.600|159.195|0.000|-1.571|0.000|1.000|1.000|1.000
Mesh_Drop_ItemBox_Body|7|2|103.334|-17.240|142.086|0.000|1.571|0.000|1.000|1.000|1.000
Mesh_Drop_ItemBox_Lid|7|2|103.757|-16.640|142.077|0.000|1.571|0.000|1.000|1.000|1.000
Mesh_Drop_ItemBox_Body|7|3|105.597|-17.260|125.981|0.000|0.000|0.000|1.000|1.000|1.000
Mesh_Drop_ItemBox_Lid|7|3|105.593|-16.660|126.396|0.000|0.000|0.000|1.000|1.000|1.000
Mesh_Drop_ItemBox_Body|7|4|140.660|-17.740|103.516|0.000|3.142|0.000|1.000|1.000|1.000
Mesh_Drop_ItemBox_Lid|7|4|140.663|-17.140|103.096|0.000|3.142|0.000|1.000|1.000|1.000
Mesh_Drop_ItemBox_Body|7|5|-7.785|0.000|87.722|0.000|-1.571|0.000|1.000|1.000|1.000
Mesh_Drop_ItemBox_Lid|7|5|-8.193|0.620|87.718|0.000|-1.571|0.000|1.000|1.000|1.000
