Mesh_Home_Entrance_arch|0|0|-0.047|0.000|27.414|0.000|0.000|0.000|1.000|1.000|1.000
Mesh_Home_entrancedoor|0|0|-0.040|0.000|27.376|0.000|0.000|0.000|1.000|1.000|1.000
Mesh_Wall_Upstucco|0|0|0.000|4.000|27.632|0.000|1.571|0.000|1.000|1.000|1.000
Mesh_Wall_longstucco|0|0|3.442|2.750|27.632|0.000|1.571|0.000|1.000|1.000|1.000
Mesh_Wall_longstucco|0|1|6.452|2.750|27.632|0.000|4.712|0.000|1.000|1.000|1.000
Mesh_Wall_longstucco|0|2|-3.491|2.750|27.632|0.000|1.571|0.000|1.000|1.000|1.000
Mesh_Wall_longstucco|0|3|-6.480|2.750|27.632|0.000|4.712|0.000|1.000|1.000|1.000
Mesh_Home_floorstone|0|0|-7.105|0.000|21.469|0.000|0.785|0.000|1.000|1.000|1.000
Mesh_Home_floorstone|0|1|-2.768|0.000|22.739|0.000|0.785|0.000|1.000|1.000|1.000
Mesh_Home_floorstone|0|2|-8.382|0.000|28.475|0.000|0.785|0.000|1.000|1.000|1.000
Mesh_Home_floorstone|0|4|-5.623|0.000|25.518|0.000|0.785|0.000|1.000|1.000|1.000
Mesh_Home_floorstone|0|5|1.084|-0.000|24.480|0.000|0.785|0.000|1.000|1.000|1.000
Mesh_Home_floorstone|0|6|6.629|0.000|24.576|0.000|0.785|0.000|1.000|1.000|1.000
Mesh_Home_floorstone|0|7|3.886|0.000|27.334|0.000|0.785|0.000|1.000|1.000|1.000
Mesh_Home_floorstone|0|9|-4.291|0.000|18.632|0.000|0.785|0.000|1.000|1.000|1.000
Mesh_Home_floorstone|0|10|-1.722|0.000|27.244|0.000|0.785|0.000|1.000|1.000|1.000
Mesh_Floorstone_pice_three|0|0|6.799|0.000|27.417|0.000|0.785|0.000|1.000|1.000|1.000
Mesh_Floorstone_pice_three|0|1|8.501|0.000|26.921|0.009|3.946|0.000|1.000|1.000|1.000
Mesh_Home_floorstone|0|13|6.640|0.000|18.870|0.000|0.785|0.000|1.000|1.000|1.000
Mesh_Wallin_ba|0|0|-3.280|0.000|27.632|0.000|1.571|0.000|1.000|1.000|1.000
Mesh_Wallin_ba|0|1|-5.659|0.000|27.612|0.000|1.571|0.000|1.000|1.000|1.000
Mesh_Wallin_ba|0|2|3.192|0.010|27.632|0.000|1.571|0.000|1.000|1.000|1.000
Mesh_Wallin_ba|0|3|5.602|0.000|27.632|0.000|1.571|0.000|1.000|1.000|1.000
Mesh_Pillar_ba|0|0|-7.266|0.000|27.159|0.000|0.000|0.000|1.000|1.000|1.000
Mesh_Pillar_ba|0|1|6.887|-0.000|27.082|0.000|0.000|0.000|1.000|1.000|1.000
Mesh_Wall_Glasswin|0|0|0.098|8.300|27.134|0.000|3.142|0.000|1.000|1.000|1.000
Mesh_Molding_longfloor|0|0|3.740|9.300|21.217|0.000|0.000|0.000|1.000|1.000|1.000
Mesh_Wallin_ba|0|4|7.011|-0.000|25.578|0.000|0.000|0.000|1.000|1.000|1.000
Mesh_Pillar_ba|0|2|6.877|0.000|24.080|0.000|0.000|0.000|1.000|1.000|1.000
Mesh_Wallin_ba|0|5|7.021|-0.000|22.570|0.000|0.000|0.000|1.000|1.000|1.000
Mesh_Wallin_ba|0|6|7.021|0.000|19.582|0.000|0.000|0.000|1.000|1.000|1.000
Mesh_Wallin_ba|0|7|7.021|0.000|16.574|0.000|0.000|0.000|1.000|1.000|1.000
Mesh_Pillar_ba|0|3|6.877|0.000|21.078|0.000|0.000|0.000|1.000|1.000|1.000
Mesh_Pillar_ba|0|4|6.877|-0.020|18.076|0.000|0.000|0.000|1.000|1.000|1.000
Mesh_Pillar_ba|0|5|6.877|-0.500|15.074|0.000|0.000|0.000|1.000|1.000|1.000
Mesh_Windowwall|0|0|7.258|2.800|25.577|0.000|0.000|0.000|1.000|1.000|1.000
Mesh_Windowwall|0|1|7.258|2.800|22.560|0.000|0.000|0.000|1.000|1.000|1.000
Mesh_Windowwall|0|2|7.258|2.800|19.562|0.000|0.000|0.000|1.000|1.000|1.000
Mesh_Windowwall|0|3|7.258|2.800|16.574|0.000|0.000|0.000|1.000|1.000|1.000
Mesh_Home_floorstone|0|8|3.853|0.000|21.706|0.000|0.785|0.000|1.000|1.000|1.000
Mesh_Staindeglass_ba|0|0|7.258|2.800|25.577|0.000|0.000|0.000|1.000|1.000|1.000
Mesh_Staindeglass_ba|0|1|7.258|2.800|22.580|0.000|0.000|0.000|1.000|1.000|1.000
Mesh_Staindeglass_ba|0|2|7.258|2.800|19.562|0.000|0.000|0.000|1.000|1.000|1.000
Mesh_Staindeglass_ba|0|3|7.258|2.800|16.574|0.000|0.000|0.000|1.000|1.000|1.000
Mesh_Floorframe|0|0|6.686|5.340|26.948|0.000|0.000|0.000|1.000|1.000|1.000
Mesh_Floorframe|0|1|6.686|5.340|24.040|0.000|0.000|0.000|1.000|1.000|1.000
Mesh_Floorframe|0|2|6.686|5.340|21.068|0.000|0.000|0.000|1.000|1.000|1.000
Mesh_Floorframe|0|3|6.686|5.340|18.076|0.000|0.000|0.000|1.000|1.000|1.000
Mesh_Floorframe|0|4|6.686|5.340|15.074|0.000|0.000|0.000|1.000|1.000|1.000
Mesh_Molding_downpawn|0|0|6.286|5.390|26.998|0.000|0.000|0.000|1.000|1.000|1.000
Mesh_Molding_downpawn|0|2|3.983|8.610|21.105|0.000|0.000|0.000|1.000|1.000|1.000
Mesh_Molding_downpawn|0|3|3.933|8.610|15.185|0.000|0.000|0.000|1.000|1.000|1.000
Mesh_Molding_downpawn|0|4|3.972|8.590|24.054|0.000|0.000|0.000|1.000|1.000|1.000
Mesh_Molding_downpawn|0|5|3.933|8.610|18.145|0.000|0.000|0.000|1.000|1.000|1.000
Mesh_Molding_downpawn|0|6|6.320|5.390|18.101|0.000|0.000|0.000|1.000|1.000|1.000
Mesh_Molding_downpawn|0|7|6.320|5.390|15.126|0.000|0.000|0.000|1.000|1.000|1.000
Mesh_Molding_downpawn|0|8|6.320|5.390|24.051|0.000|0.000|0.000|1.000|1.000|1.000
Mesh_Molding_downpawn|0|9|6.320|5.390|21.076|0.000|0.000|0.000|1.000|1.000|1.000
Mesh_Moglding_showfloor|0|0|3.988|8.600|24.045|0.000|0.000|0.000|1.000|1.000|1.000
Mesh_Moglding_showfloor|0|1|3.988|8.600|18.147|0.000|0.000|0.000|1.000|1.000|1.000
Mesh_Moglding_showfloor|0|3|3.988|8.600|15.198|0.000|0.000|0.000|1.000|1.000|1.000
Mesh_Moglding_showfloor|0|4|3.998|8.600|21.096|0.000|0.000|0.000|1.000|1.000|1.000
Mesh_Molding_longfloor|0|1|3.750|9.290|15.308|0.000|0.000|0.000|1.000|1.000|1.000
Mesh_Molding_longfloor|0|2|6.730|7.700|20.897|0.000|0.000|0.000|1.000|1.000|1.000
Mesh_Molding_longfloor|0|3|6.730|7.700|14.800|0.000|0.000|0.000|1.000|1.000|1.000
Mesh_Ceiling_finsh|0|0|5.213|8.900|25.717|0.000|0.000|-0.524|1.000|1.000|1.000
Mesh_Ceiling_finsh|0|1|5.213|8.900|19.607|0.000|0.000|-0.524|1.000|1.000|1.000
Mesh_Ceiling_finsh|0|2|5.213|8.900|22.662|0.000|0.000|-0.524|1.000|1.000|1.000
Mesh_Ceiling_finsh|0|3|5.213|8.900|16.552|0.000|0.000|-0.524|1.000|1.000|1.000
Mesh_Pillar_ba|0|6|-7.216|0.000|24.087|0.000|0.000|0.000|1.000|1.000|1.000
Mesh_Pillar_ba|0|7|-7.216|0.000|21.085|0.000|0.000|0.000|1.000|1.000|1.000
Mesh_Pillar_ba|0|8|-7.216|0.000|18.083|0.000|0.000|0.000|1.000|1.000|1.000
Mesh_Pillar_ba|0|9|-7.216|0.000|15.081|0.000|0.000|0.000|1.000|1.000|1.000
Mesh_Wallin_ba|0|8|-7.666|0.000|25.586|0.000|0.000|0.000|1.000|1.000|1.000
Mesh_Wallin_ba|0|9|-7.666|0.000|22.578|0.000|0.000|0.000|1.000|1.000|1.000
Mesh_Wallin_ba|0|10|-7.666|0.000|19.570|0.000|0.000|0.000|1.000|1.000|1.000
Mesh_Wallin_ba|0|11|-7.666|0.000|16.562|0.000|0.000|0.000|1.000|1.000|1.000
Mesh_Windowwall|0|4|-7.646|2.800|25.586|0.000|0.000|0.000|1.000|1.000|1.000
Mesh_Windowwall|0|5|-7.646|2.800|22.578|0.000|0.000|0.000|1.000|1.000|1.000
Mesh_Windowwall|0|6|-7.646|2.800|19.570|0.000|0.000|0.000|1.000|1.000|1.000
Mesh_Windowwall|0|7|-7.646|2.800|16.562|0.000|0.000|0.000|1.000|1.000|1.000
Mesh_Molding_longfloor|0|4|-4.169|9.290|15.133|0.000|0.000|0.000|1.000|1.000|1.000
Mesh_Molding_longfloor|0|5|-4.169|9.290|21.058|0.000|0.000|0.000|1.000|1.000|1.000
Mesh_Molding_longfloor|0|6|-7.156|7.700|15.500|0.000|0.000|0.000|1.000|1.000|1.000
Mesh_Molding_longfloor|0|7|-7.156|7.700|21.442|0.000|0.000|0.000|1.000|1.000|1.000
Mesh_Staindeglass_ba|0|4|-7.646|2.800|16.562|0.000|0.000|0.000|1.000|1.000|1.000
Mesh_Staindeglass_ba|0|5|-7.646|2.800|25.586|0.000|0.000|0.000|1.000|1.000|1.000
Mesh_Staindeglass_ba|0|6|-7.646|2.800|19.570|0.000|0.000|0.000|1.000|1.000|1.000
Mesh_Staindeglass_ba|0|7|-7.646|2.800|22.578|0.000|0.000|0.000|1.000|1.000|1.000
Mesh_Floorframe|0|5|-7.316|5.340|15.063|0.000|3.142|0.000|1.000|1.000|1.000
Mesh_Floorframe|0|6|-7.316|5.340|18.071|0.000|3.142|0.000|1.000|1.000|1.000
Mesh_Floorframe|0|7|-7.316|5.340|21.079|0.000|3.142|0.000|1.000|1.000|1.000
Mesh_Floorframe|0|8|-7.316|5.340|24.087|0.000|3.142|0.000|1.000|1.000|1.000
Mesh_Floorframe|0|9|-7.316|5.340|27.089|0.000|3.142|0.000|1.000|1.000|1.000
Mesh_Moglding_showfloor|0|2|-4.569|8.600|24.090|0.000|0.000|0.000|1.000|1.000|1.000
Mesh_Moglding_showfloor|0|2|-4.569|8.600|27.074|0.000|0.000|0.000|1.000|1.000|1.000
Mesh_Moglding_showfloor|0|2|-4.569|8.600|15.138|0.000|0.000|0.000|1.000|1.000|1.000
Mesh_Molding_downpawn|0|1|-6.852|5.340|14.969|0.000|0.000|0.000|1.000|1.000|1.000
Mesh_Molding_downpawn|0|1|-6.852|5.340|17.999|0.000|0.000|0.000|1.000|1.000|1.000
Mesh_Molding_downpawn|0|1|-6.852|5.340|21.029|0.000|0.000|0.000|1.000|1.000|1.000
Mesh_Molding_downpawn|0|1|-6.852|5.340|24.059|0.000|0.000|0.000|1.000|1.000|1.000
Mesh_Molding_downpawn|0|1|-6.852|5.340|27.122|0.000|0.000|0.000|1.000|1.000|1.000
Mesh_Molding_downpawn|0|1|-4.569|8.600|15.138|0.000|0.000|0.000|1.000|1.000|1.000
Mesh_Molding_downpawn|0|1|-4.569|8.600|18.122|0.000|0.000|0.000|1.000|1.000|1.000
Mesh_Molding_downpawn|0|1|-4.569|8.600|21.106|0.000|0.000|0.000|1.000|1.000|1.000
Mesh_Molding_downpawn|0|1|-4.569|8.600|24.090|0.000|0.000|0.000|1.000|1.000|1.000
Mesh_Molding_downpawn|0|1|-4.569|8.600|27.074|0.000|0.000|0.000|1.000|1.000|1.000
Mesh_Ceiling_finsh|0|4|-5.743|8.900|16.578|0.000|0.000|0.524|1.000|1.000|1.000
Mesh_Ceiling_finsh|0|5|-5.743|8.900|19.533|0.000|0.000|0.524|1.000|1.000|1.000
Mesh_Ceiling_finsh|0|6|-5.743|8.900|22.588|0.000|0.000|0.524|1.000|1.000|1.000
Mesh_Ceiling_finsh|0|7|-5.743|8.900|25.643|0.000|0.000|0.524|1.000|1.000|1.000
Mesh_Windowwall|0|8|4.130|9.680|25.067|0.000|0.000|0.000|1.000|1.000|1.000
Mesh_Windowwall|0|9|4.100|9.680|18.699|0.000|0.000|0.000|1.000|1.000|1.000
Mesh_Windowwall|0|10|4.130|9.680|21.883|0.000|0.000|0.000|1.000|1.000|1.000
Mesh_Break_sideglass|0|0|4.130|9.680|25.087|0.000|0.000|0.000|1.000|1.000|1.000
Mesh_Break_stainedglass|0|0|4.130|9.680|21.883|0.000|0.000|0.000|1.000|1.000|1.000
Mesh_Break_stainedglass|0|1|4.130|9.680|18.699|0.000|0.000|0.000|1.000|1.000|1.000
Mesh_CeilingArch|0|0|0.123|9.650|26.662|0.000|0.000|0.000|1.000|1.000|1.000
Mesh_CeilingArch|0|1|0.031|9.650|23.475|0.000|0.000|0.000|1.000|1.000|1.000
Mesh_CeilingArch|0|2|0.031|9.650|20.288|0.000|0.000|0.000|1.000|1.000|1.000
Mesh_CeilingArch|0|3|0.031|9.650|17.101|0.000|0.000|0.000|1.000|1.000|1.000
Mesh_Windowwall|0|12|-4.040|9.680|25.122|0.000|0.000|0.000|1.000|1.000|1.000
Mesh_Windowwall|0|13|-4.130|9.680|21.918|0.000|0.000|0.000|1.000|1.000|1.000
Mesh_Windowwall|0|14|-4.130|9.680|18.734|0.000|0.000|0.000|1.000|1.000|1.000
Mesh_Windowwall|0|15|-4.410|9.680|15.650|0.000|0.000|0.000|1.000|1.000|1.000
Mesh_Break_mostglass|0|1|-4.410|9.680|15.550|0.000|0.000|0.000|1.000|1.000|1.000
Mesh_Break_sideglass|0|1|-4.130|9.680|21.918|0.000|0.000|0.000|1.000|1.000|1.000
Mesh_Break_stainedglass|0|2|-4.090|9.680|25.102|0.000|0.000|0.000|1.000|1.000|1.000
Mesh_Break_stainedglass|0|3|-4.130|9.680|18.734|0.000|0.000|0.000|1.000|1.000|1.000
Mesh_Home_Ceiling|0|0|-0.046|14.400|22.113|0.000|0.000|0.000|1.000|1.000|1.000
Mesh_Home_Break_Ceiling|0|0|-0.729|13.380|13.606|0.000|3.074|-0.002|1.000|1.000|1.000
Mesh_Floorstone_twolines|0|0|1.069|0.000|20.926|0.000|0.785|0.000|1.000|1.000|1.000
Mesh_Floorstone_twolines|0|1|3.880|0.000|18.122|0.000|0.785|0.000|1.000|1.000|1.000
Mesh_Floorstone_pice_three|0|2|5.593|0.000|17.097|0.000|2.361|0.000|1.000|1.000|1.000
Mesh_Floorstone_pice_three|0|3|5.967|-0.000|15.351|0.000|-0.798|0.000|1.000|1.000|1.000
Mesh_Floorstone_pice|0|0|6.583|0.000|15.750|0.105|-0.768|0.000|1.000|1.000|1.000
Mesh_Floorstone_pice|0|1|6.298|0.000|15.351|0.000|-0.733|0.000|1.000|1.000|1.000
Mesh_DirtHole|0|0|0.000|0.000|16.124|0.000|0.000|0.000|1.000|1.000|1.000
Mesh_Floorstone_twolines|0|2|0.358|0.000|20.218|0.000|0.785|0.000|1.000|1.000|1.000
Mesh_Floorstone_twolines|0|3|-0.335|0.000|19.498|0.000|0.785|0.000|1.000|1.000|1.000
Mesh_Floorstone_pice5|0|0|-2.099|-0.000|19.179|0.000|0.785|0.000|1.000|1.000|1.000
Mesh_Floorstone_pice5|0|1|-2.769|0.000|19.933|0.000|0.785|0.000|1.000|1.000|1.000
Mesh_Floorstone_pice_three|0|4|0.022|0.000|18.473|0.000|-2.356|0.000|1.000|1.000|1.000
Mesh_Wallin_Braekba|1|0|7.021|0.000|13.566|0.000|0.000|0.000|1.000|1.000|1.000
Mesh_Display_Rebar|1|0|-2.000|-0.880|11.759|0.000|-0.279|-1.571|0.700|0.700|0.700
Mesh_Display_Rebar|1|1|0.032|-0.880|11.759|0.000|-0.279|-1.571|0.700|0.700|0.700
Mesh_Big_Fencerack|1|0|2.405|-1.100|13.130|0.000|0.000|0.000|1.000|1.000|1.000
Mesh_Fence|0|0|4.916|0.260|15.496|0.000|-0.122|0.000|1.000|1.000|1.000
Mesh_Windowwall_Right|1|0|7.258|2.800|13.566|0.000|0.000|0.000|1.000|1.000|1.000
Mesh_Windowwall_Left|1|0|7.258|1.300|11.115|0.000|0.000|0.000|1.000|1.000|1.000
Mesh_Wallin_LBreak|1|0|7.398|-1.500|10.822|0.000|0.000|0.000|1.000|1.000|1.000
Mesh_Floorframe|1|10|7.096|3.790|9.352|0.000|0.000|0.000|1.000|1.000|1.000
Mesh_Molding_downpawn|1|1|7.308|5.640|11.550|0.000|0.000|0.000|1.000|1.000|1.000
Mesh_Molding_downpawn|1|1|4.166|6.990|9.312|0.000|0.000|0.000|1.000|1.000|1.000
Mesh_Moglding_showfloor|1|2|7.308|5.610|11.550|0.000|0.000|0.000|1.000|1.000|1.000
Mesh_Molding_longfloor|1|8|7.328|6.290|5.789|0.000|0.000|0.000|1.000|1.000|1.000
Mesh_Pillar_ba|0|10|7.268|-1.500|9.337|0.000|0.000|0.000|1.000|1.000|1.000
Mesh_Pillar_ba|0|11|7.258|-1.500|6.355|0.000|0.000|0.000|1.000|1.000|1.000
Mesh_Longcarpet|0|0|-0.001|-1.360|-2.917|0.000|0.000|0.000|1.000|1.000|1.000
Mesh_Moglding_showfloor|0|2|4.166|6.990|9.312|0.000|0.000|0.000|1.000|1.000|1.000
Mesh_Moglding_showfloor|0|2|6.716|3.100|9.353|0.000|0.000|0.000|1.000|1.000|1.000
Mesh_Molding_downpawn|0|1|6.716|3.100|9.353|0.000|0.000|0.000|1.000|1.000|1.000
Mesh_Pillar_ba|0|12|7.258|-1.500|3.353|0.000|0.000|0.000|1.000|1.000|1.000
Mesh_Pillar_ba|0|13|7.268|-1.500|0.391|0.000|0.000|0.000|1.000|1.000|1.000
Mesh_Pillar_ba|0|14|7.268|-1.500|-2.571|0.000|0.000|0.000|1.000|1.000|1.000
Mesh_Wallin_ba|0|12|7.458|-1.500|1.869|0.000|0.000|0.000|1.000|1.000|1.000
Mesh_Wallin_ba|0|13|7.458|-1.500|7.834|0.000|0.000|0.000|1.000|1.000|1.000
Mesh_Wallin_ba|0|14|7.458|-1.500|4.846|0.000|0.000|0.000|1.000|1.000|1.000
Mesh_Wallin_ba|0|15|7.458|-1.500|-1.108|0.000|0.000|0.000|1.000|1.000|1.000
Mesh_Wallin_ba|0|16|7.458|-1.500|-4.085|0.000|0.000|0.000|1.000|1.000|1.000
Mesh_Pillar_ba|1|15|7.258|-1.500|-5.533|0.000|0.000|0.000|1.000|1.000|1.000
Mesh_Windowwall|0|16|7.458|1.300|7.834|0.000|0.000|0.000|1.000|1.000|1.000
Mesh_Windowwall|0|17|7.458|1.300|4.846|0.000|0.000|0.000|1.000|1.000|1.000
Mesh_Windowwall|0|18|7.458|1.300|1.869|0.000|0.000|0.000|1.000|1.000|1.000
Mesh_Windowwall|0|19|7.458|1.300|-1.108|0.000|0.000|0.000|1.000|1.000|1.000
Mesh_Windowwall|0|20|7.458|1.300|-4.085|0.000|0.000|0.000|1.000|1.000|1.000
Mesh_Break_sideglass|0|2|7.458|1.300|7.834|0.000|0.000|0.000|1.000|1.000|1.000
Mesh_Break_stainedglass|0|4|7.458|1.300|4.846|0.000|0.000|0.000|1.000|1.000|1.000
Mesh_Staindeglass_ba|0|8|7.458|1.300|1.869|0.000|0.000|0.000|1.000|1.000|1.000
Mesh_Staindeglass_ba|0|9|7.458|1.300|-1.108|0.000|0.000|0.000|1.000|1.000|1.000
Mesh_Break_sideglass|0|3|7.458|1.300|-4.085|0.000|0.000|0.000|1.000|1.000|1.000
Mesh_Floorframe|1|11|7.096|3.790|6.380|0.000|0.000|0.000|1.000|1.000|1.000
Mesh_Floorframe|1|12|7.096|3.790|3.408|0.000|0.000|0.000|1.000|1.000|1.000
Mesh_Floorframe|1|13|7.096|3.790|0.436|0.000|0.000|0.000|1.000|1.000|1.000
Mesh_Floorframe|1|14|7.096|3.790|-2.536|0.000|0.000|0.000|1.000|1.000|1.000
Mesh_Floorframe|1|15|7.096|3.790|-2.536|0.000|0.000|0.000|1.000|1.000|1.000
Mesh_Floorframe|1|16|7.096|3.790|-5.508|0.000|0.000|0.000|1.000|1.000|1.000
Mesh_Molding_longfloor|1|9|7.328|6.290|-0.143|0.000|0.000|0.000|1.000|1.000|1.000
Mesh_Molding_longfloor|1|10|7.328|6.290|-6.049|0.000|0.000|0.000|1.000|1.000|1.000
Mesh_Moglding_showfloor|1|2|4.166|6.990|6.420|0.000|0.000|0.000|1.000|1.000|1.000
Mesh_Moglding_showfloor|1|2|4.166|6.990|3.443|0.000|0.000|0.000|1.000|1.000|1.000
Mesh_Moglding_showfloor|1|2|4.166|6.990|0.466|0.000|0.000|0.000|1.000|1.000|1.000
Mesh_Moglding_showfloor|1|2|4.166|7.040|-2.511|0.000|0.000|0.000|1.000|1.000|1.000
Mesh_Moglding_showfloor|1|2|4.166|7.050|-5.488|0.000|0.000|0.000|1.000|1.000|1.000
Mesh_Moglding_showfloor|1|2|6.716|3.100|6.376|0.000|0.000|0.000|1.000|1.000|1.000
Mesh_Moglding_showfloor|1|2|6.716|3.100|3.399|0.000|0.000|0.000|1.000|1.000|1.000
Mesh_Moglding_showfloor|1|2|6.716|3.100|0.422|0.000|0.000|0.000|1.000|1.000|1.000
Mesh_Moglding_showfloor|1|2|6.716|3.100|-2.555|0.000|0.000|0.000|1.000|1.000|1.000
Mesh_Moglding_showfloor|1|2|6.716|3.100|-5.532|0.000|0.000|0.000|1.000|1.000|1.000
Mesh_Molding_downpawn|1|1|4.166|6.990|6.420|0.000|0.000|0.000|1.000|1.000|1.000
Mesh_Molding_downpawn|1|1|4.166|6.990|3.443|0.000|0.000|0.000|1.000|1.000|1.000
Mesh_Molding_downpawn|1|1|4.166|6.990|0.466|0.000|0.000|0.000|1.000|1.000|1.000
Mesh_Molding_downpawn|1|1|4.166|6.990|-2.511|0.000|0.000|0.000|1.000|1.000|1.000
Mesh_Molding_downpawn|1|1|4.166|7.050|-5.488|0.000|0.000|0.000|1.000|1.000|1.000
Mesh_Molding_downpawn|1|1|6.716|3.100|6.376|0.000|0.000|0.000|1.000|1.000|1.000
Mesh_Molding_downpawn|1|1|6.716|3.100|3.399|0.000|0.000|0.000|1.000|1.000|1.000
Mesh_Molding_downpawn|1|1|6.716|3.100|0.422|0.000|0.000|0.000|1.000|1.000|1.000
Mesh_Molding_downpawn|1|1|6.716|3.100|-2.555|0.000|0.000|0.000|1.000|1.000|1.000
Mesh_Molding_downpawn|1|1|6.716|3.100|-5.532|0.000|0.000|0.000|1.000|1.000|1.000
Mesh_Molding_longfloor|1|11|4.069|7.550|6.151|0.000|0.000|0.000|1.000|1.000|1.000
Mesh_Molding_longfloor|1|12|4.069|7.550|0.209|0.000|0.000|0.000|1.000|1.000|1.000
Mesh_Molding_longfloor|1|13|4.089|7.540|-5.855|0.000|0.000|0.000|1.000|1.000|1.000
Mesh_Ceiling_finsh|1|8|5.619|7.490|7.857|0.000|0.000|-0.524|1.000|1.000|1.000
Mesh_Ceiling_finsh|1|9|5.619|7.490|4.790|0.000|0.000|-0.524|1.000|1.000|1.000
Mesh_Ceiling_finsh|1|10|5.619|7.490|1.723|0.000|0.000|-0.524|1.000|1.000|1.000
Mesh_Ceiling_finsh|1|11|5.599|7.490|-1.044|0.000|0.000|-0.524|1.000|1.000|1.000
Mesh_Ceiling_finsh|1|12|5.619|7.490|-4.031|0.000|0.000|-0.524|1.000|1.000|1.000
Mesh_Windowwall|1|21|4.170|8.100|4.646|0.000|0.000|0.000|1.000|1.000|1.000
Mesh_CeilingArch|1|4|-0.037|7.900|12.192|0.000|0.000|0.000|1.000|1.000|1.000
Mesh_Ceiling_breakup|0|0|5.619|7.490|10.924|0.000|3.142|-0.524|1.000|1.000|1.000
Mesh_CeilingArch|0|5|-0.037|7.900|9.138|0.000|0.000|0.000|1.000|1.000|1.000
Mesh_Floorframe|0|17|-6.936|3.790|9.136|0.000|3.142|0.000|1.000|1.000|1.000
Mesh_Pillar_ba|1|16|-7.112|-1.500|9.124|0.000|0.000|0.000|1.000|1.000|1.000
Mesh_Pillar_ba|1|17|-7.112|-1.500|6.162|0.000|0.000|0.000|1.000|1.000|1.000
Mesh_Pillar_ba|1|18|-7.112|-1.500|3.230|0.000|0.000|0.000|1.000|1.000|1.000
Mesh_Pillar_ba|1|19|-7.112|-1.500|0.258|0.000|0.000|0.000|1.000|1.000|1.000
Mesh_Pillar_ba|1|20|-7.112|-1.500|-2.724|0.000|0.000|0.000|1.000|1.000|1.000
Mesh_Wallin_ba|1|17|-7.252|-1.500|7.611|0.000|0.000|0.000|1.000|1.000|1.000
Mesh_Wallin_ba|1|18|-7.252|-1.500|4.664|0.000|0.000|0.000|1.000|1.000|1.000
Mesh_Wallin_ba|1|19|-7.252|-1.500|1.747|0.000|0.000|0.000|1.000|1.000|1.000
Mesh_Wallin_ba|1|20|-7.252|-1.500|-1.240|0.000|0.000|0.000|1.000|1.000|1.000
Mesh_Wallin_ba|1|21|-7.252|-1.500|-4.187|0.000|0.000|0.000|1.000|1.000|1.000
Mesh_Pillar_ba|1|21|-7.112|-1.500|-5.686|0.000|0.000|0.000|1.000|1.000|1.000
Mesh_Windowwall|1|22|-7.252|1.300|7.611|0.000|0.000|0.000|1.000|1.000|1.000
Mesh_Windowwall|1|23|-7.252|1.300|4.634|0.000|0.000|0.000|1.000|1.000|1.000
Mesh_Windowwall|1|24|-7.252|1.300|1.657|0.000|0.000|0.000|1.000|1.000|1.000
Mesh_Windowwall|1|25|-7.252|1.300|-1.320|0.000|0.000|0.000|1.000|1.000|1.000
Mesh_Windowwall|1|26|-7.252|1.300|-4.297|0.000|0.000|0.000|1.000|1.000|1.000
Mesh_Staindeglass_ba|1|10|-7.252|1.300|7.611|0.000|0.000|0.000|1.000|1.000|1.000
Mesh_Staindeglass_ba|1|11|-7.252|1.300|4.634|0.000|0.000|0.000|1.000|1.000|1.000
Mesh_Staindeglass_ba|1|12|-7.252|1.300|1.657|0.000|0.000|0.000|1.000|1.000|1.000
Mesh_Staindeglass_ba|1|13|-7.252|1.300|-1.320|0.000|0.000|0.000|1.000|1.000|1.000
Mesh_Staindeglass_ba|1|14|-7.252|1.300|-4.297|0.000|0.000|0.000|1.000|1.000|1.000
Mesh_Floorframe|1|18|-6.936|3.790|6.164|0.000|3.142|0.000|1.000|1.000|1.000
Mesh_Floorframe|1|19|-6.936|3.790|3.192|0.000|3.142|0.000|1.000|1.000|1.000
Mesh_Floorframe|1|20|-6.936|3.790|0.220|0.000|3.142|0.000|1.000|1.000|1.000
Mesh_Floorframe|1|21|-6.936|3.790|-2.752|0.000|3.142|0.000|1.000|1.000|1.000
Mesh_Floorframe|1|22|-6.936|3.790|-5.724|0.000|3.142|0.000|1.000|1.000|1.000
Mesh_Windowwall_Right|1|1|-7.252|1.300|10.932|0.000|3.142|0.000|1.000|1.000|1.000
Mesh_Wallin_LBreak|1|1|-7.252|-1.500|10.611|0.000|0.000|0.000|1.000|1.000|1.000
Mesh_Molding_longfloor|0|14|-3.727|7.700|3.226|0.000|0.000|0.000|1.000|1.000|1.000
Mesh_Molding_longfloor|0|15|-3.727|7.700|-8.708|0.000|0.000|0.000|1.000|1.000|1.000
Mesh_Molding_longfloor|0|16|-3.647|7.700|-2.756|0.000|0.000|0.000|1.000|1.000|1.000
Mesh_Ceiling_finsh|0|13|-5.399|7.490|7.659|0.000|0.000|0.524|1.000|1.000|1.000
Mesh_Ceiling_finsh|0|14|-5.399|7.490|4.592|0.000|0.000|0.524|1.000|1.000|1.000
Mesh_Ceiling_finsh|0|15|-5.399|7.490|1.685|0.000|0.000|0.524|1.000|1.000|1.000
Mesh_Ceiling_finsh|0|16|-5.399|7.490|-1.282|0.000|0.000|0.524|1.000|1.000|1.000
Mesh_Ceiling_finsh|0|17|-5.539|7.490|-4.289|0.000|0.000|0.524|1.000|1.000|1.000
Mesh_Molding_longfloor|0|17|-6.992|6.220|9.180|0.000|3.142|0.000|1.000|1.000|1.000
Mesh_Molding_longfloor|0|18|-6.972|6.210|3.218|0.000|3.142|0.000|1.000|1.000|1.000
Mesh_Molding_longfloor|0|19|-7.132|6.240|-0.104|0.000|3.142|0.000|1.000|1.000|1.000
Mesh_Moglding_showfloor|0|2|-3.806|6.990|9.036|0.000|0.000|0.000|1.000|1.000|1.000
Mesh_Moglding_showfloor|0|2|-3.806|6.990|3.082|0.000|0.000|0.000|1.000|1.000|1.000
Mesh_Moglding_showfloor|0|2|-3.806|6.990|-2.872|0.000|0.000|0.000|1.000|1.000|1.000
Mesh_Moglding_showfloor|0|2|-3.806|6.990|6.059|0.000|0.000|0.000|1.000|1.000|1.000
Mesh_Moglding_showfloor|0|2|-3.806|6.990|0.105|0.000|0.000|0.000|1.000|1.000|1.000
Mesh_Moglding_showfloor|0|2|-3.806|6.990|-5.849|0.000|0.000|0.000|1.000|1.000|1.000
Mesh_Moglding_showfloor|0|2|-6.416|3.100|3.192|0.000|0.000|0.000|1.000|1.000|1.000
Mesh_Moglding_showfloor|0|2|-6.416|3.100|0.215|0.000|0.000|0.000|1.000|1.000|1.000
Mesh_Moglding_showfloor|0|2|-6.416|3.100|-2.762|0.000|0.000|0.000|1.000|1.000|1.000
Mesh_Moglding_showfloor|0|2|-6.416|3.100|6.169|0.000|0.000|0.000|1.000|1.000|1.000
Mesh_Molding_downpawn|0|1|-6.416|3.100|-5.739|0.000|0.000|0.000|1.000|1.000|1.000
Mesh_Molding_downpawn|0|1|-6.416|3.100|-2.762|0.000|0.000|0.000|1.000|1.000|1.000
Mesh_Molding_downpawn|0|1|-6.416|3.100|0.215|0.000|0.000|0.000|1.000|1.000|1.000
Mesh_Molding_downpawn|0|1|-6.416|3.100|3.192|0.000|0.000|0.000|1.000|1.000|1.000
Mesh_Molding_downpawn|0|1|-3.806|6.990|-5.849|0.000|0.000|0.000|1.000|1.000|1.000
Mesh_Molding_downpawn|0|1|-3.806|6.990|0.105|0.000|0.000|0.000|1.000|1.000|1.000
Mesh_Molding_downpawn|0|1|-3.806|6.990|3.082|0.000|0.000|0.000|1.000|1.000|1.000
Mesh_Molding_downpawn|0|1|-3.806|6.990|-2.872|0.000|0.000|0.000|1.000|1.000|1.000
Mesh_Molding_downpawn|0|1|-3.806|6.990|6.059|0.000|0.000|0.000|1.000|1.000|1.000
Mesh_Molding_downpawn|0|1|-3.806|6.990|9.036|0.000|0.000|0.000|1.000|1.000|1.000
Mesh_Moglding_showfloor|0|2|-6.416|3.100|9.146|0.000|0.000|0.000|1.000|1.000|1.000
Mesh_Moglding_showfloor|0|2|-6.416|3.100|-5.739|0.000|0.000|0.000|1.000|1.000|1.000
Mesh_Molding_downpawn|1|1|-6.416|3.100|6.169|0.000|0.000|0.000|1.000|1.000|1.000
Mesh_Molding_downpawn|1|1|-6.416|3.100|9.146|0.000|0.000|0.000|1.000|1.000|1.000
Mesh_Windowwall|1|27|4.170|7.940|10.661|0.000|0.000|0.000|1.000|1.000|1.000
Mesh_Windowwall|1|28|4.170|8.100|7.654|0.000|0.000|0.000|1.000|1.000|1.000
Mesh_Windowwall|1|29|4.170|8.100|1.638|0.000|0.000|0.000|1.000|1.000|1.000
Mesh_Windowwall|1|30|4.170|8.100|-1.370|0.000|0.000|0.000|1.000|1.000|1.000
Mesh_Windowwall|1|31|4.170|8.020|-4.378|0.000|0.000|0.000|1.000|1.000|1.000
Mesh_Windowwall|1|32|4.170|8.100|-7.385|0.000|0.000|0.000|1.000|1.000|1.000
Mesh_CeilingArch|1|6|-0.037|7.900|6.149|0.000|0.000|0.000|1.000|1.000|1.000
Mesh_CeilingArch|1|7|-0.037|7.920|3.160|0.000|0.000|0.000|1.000|1.000|1.000
Mesh_CeilingArch|1|8|-0.037|7.900|0.183|0.000|0.000|0.000|1.000|1.000|1.000
Mesh_CeilingArch|1|9|-0.037|7.900|-2.794|0.000|0.000|0.000|1.000|1.000|1.000
Mesh_CeilingArch|1|10|-0.037|7.940|-5.771|0.000|0.000|0.000|1.000|1.000|1.000
Mesh_Molding_wall|1|0|4.069|7.600|-8.753|0.000|0.000|0.000|1.000|1.000|1.000
Mesh_CeilingArch|1|11|-0.037|7.850|-8.748|0.000|0.000|0.000|1.000|1.000|1.000
Mesh_Ceiling_Cross|0|0|7.244|6.400|-5.617|0.209|-1.606|-0.052|1.000|1.000|1.000
Mesh_Ceiling_Cross|0|1|-6.832|5.860|-5.739|0.000|3.212|0.000|1.000|1.000|1.000
Mesh_Staindeglass_ba|0|16|4.170|8.100|7.654|0.000|0.000|0.000|1.000|1.000|1.000
Mesh_Staindeglass_ba|0|17|4.170|8.100|4.646|0.000|0.000|0.000|1.000|1.000|1.000
Mesh_Staindeglass_ba|0|18|4.170|8.100|1.638|0.000|0.000|0.000|1.000|1.000|1.000
Mesh_Staindeglass_ba|0|19|4.170|8.100|-1.370|0.000|0.000|0.000|1.000|1.000|1.000
Mesh_Staindeglass_ba|0|20|4.170|8.020|-4.378|0.000|0.000|0.000|1.000|1.000|1.000
Mesh_Staindeglass_ba|0|21|4.170|8.100|-7.385|0.000|0.000|0.000|1.000|1.000|1.000
Mesh_Windowwall|0|33|-4.087|8.100|7.643|0.000|0.000|0.000|1.000|1.000|1.000
Mesh_Windowwall|0|34|-4.087|8.100|4.636|0.000|0.000|0.000|1.000|1.000|1.000
Mesh_Windowwall|0|35|-4.077|8.100|1.679|0.000|0.000|0.000|1.000|1.000|1.000
Mesh_Windowwall|0|36|-4.087|8.100|-1.298|0.000|0.000|0.000|1.000|1.000|1.000
Mesh_Windowwall|0|37|-4.087|8.100|-4.295|0.000|0.000|0.000|1.000|1.000|1.000
Mesh_Windowwall|0|40|-4.057|8.070|-7.242|0.000|0.000|0.000|1.000|1.000|1.000
Mesh_Break_Roof|0|0|-0.329|14.400|15.917|0.000|3.142|0.000|1.000|1.000|1.000
Mesh_Staindeglass_ba|0|15|-4.087|8.100|4.636|0.000|0.000|0.000|1.000|1.000|1.000
Mesh_Staindeglass_ba|0|15|-4.087|8.100|1.679|0.000|0.000|0.000|1.000|1.000|1.000
Mesh_Staindeglass_ba|0|15|-4.087|8.100|-1.298|0.000|0.000|0.000|1.000|1.000|1.000
Mesh_Staindeglass_ba|0|15|-4.087|8.100|-4.295|0.000|0.000|0.000|1.000|1.000|1.000
Mesh_Staindeglass_ba|0|15|-4.087|8.070|-7.252|0.000|0.000|0.000|1.000|1.000|1.000
Mesh_Home_Ceiling|0|1|0.040|12.450|4.639|0.000|0.000|0.000|1.000|1.000|1.000
Mesh_Home_Ceiling|0|2|0.040|12.450|-4.300|0.000|0.000|0.000|1.000|1.000|1.000
Mesh_Home_Floorground|0|0|0.357|-10.550|14.094|0.000|0.000|0.000|1.000|1.000|1.000
Mesh_Floorstone_bighafl|0|0|-7.084|0.000|15.783|0.000|0.785|0.000|1.000|1.000|1.000
Mesh_Home_LawnRubble|1|0|6.237|-0.400|15.217|0.000|0.000|0.000|1.000|1.000|1.000
Mesh_Home_LawnRubble|1|1|1.995|-0.500|14.670|0.000|0.000|0.000|1.000|1.000|1.000
Mesh_Home_Lawn_L|1|0|4.537|-0.200|18.059|0.000|0.000|0.000|1.000|1.000|1.000
Mesh_Home_Lawn_S|1|0|0.741|-0.200|19.823|0.000|0.000|0.000|1.000|1.000|1.000
Mesh_Home_LawnRubble|1|2|6.574|-0.210|14.415|0.000|0.000|0.000|1.000|1.000|1.000
Mesh_Home_LawnRubble|1|3|7.471|-0.040|14.454|0.000|0.000|0.000|1.000|1.000|1.000
Mesh_Home_LawnRubble|1|4|-1.733|-0.400|14.679|0.000|0.000|0.000|1.000|1.000|1.000
Mesh_Home_Lawn_L|1|1|6.784|-1.550|8.097|0.000|0.000|0.000|1.000|1.000|1.000
Mesh_Home_Lawn_L|1|2|-5.328|0.000|16.716|0.000|0.000|0.000|1.000|1.000|1.000
Mesh_Home_Lawn_S|1|1|3.540|-0.200|14.863|0.000|0.000|0.000|1.000|1.000|1.000
Mesh_Home_Lawn_S|1|2|5.181|-0.100|14.454|0.000|0.000|0.000|1.000|1.000|1.000
Mesh_Home_Lawn_S|1|3|-3.578|0.100|14.900|0.000|0.000|0.000|1.000|1.000|1.000
Mesh_Home_Floorground|1|1|-0.222|-11.630|10.383|0.087|3.142|0.000|1.000|1.000|1.000
Mesh_Home_Lawn_L|0|3|-5.921|-1.550|7.328|0.000|0.000|0.000|1.000|1.000|1.000
Mesh_Home_Lawn_L|0|4|0.244|-1.550|8.305|0.000|1.571|0.000|1.000|1.000|1.000
Mesh_Home_Lawn_S|0|5|-3.873|-1.550|8.917|0.000|0.000|0.000|1.000|1.000|1.000
Mesh_Home_Lawn_S|0|6|3.647|-1.650|9.701|0.000|0.000|0.000|1.000|1.000|1.000
Mesh_Molding_wall|0|1|-3.967|7.850|12.264|0.122|3.194|0.000|1.000|1.000|1.000
Mesh_Windowwall_Botton|0|0|-4.128|8.150|10.787|0.105|3.142|0.000|1.000|1.000|1.000
Mesh_Windowwall_Right|0|2|4.130|9.680|15.458|0.000|0.000|0.000|1.000|1.000|1.000
Mesh_Ceiling_breakdown|0|0|-5.459|7.490|10.784|0.000|0.000|0.524|1.000|1.000|1.000
Mesh_Molding_wall|0|2|7.029|7.650|-8.588|0.000|-1.571|0.000|1.000|1.000|1.000
Mesh_Home_radcurtain|0|0|7.579|-1.540|-11.521|0.000|3.142|0.000|1.100|1.100|1.100
Mesh_Home_radcurtain_half|0|0|8.069|-1.000|-11.017|0.000|3.142|0.000|1.000|1.000|1.000
Mesh_Wallin_rosebase|0|0|7.074|8.100|-11.780|0.000|1.571|0.000|1.150|1.000|1.000
Mesh_Wallin_windowbreak|0|0|7.114|10.820|-11.800|0.000|-1.571|0.000|1.000|1.000|1.000
Mesh_CeilingArch|0|12|6.904|9.520|-11.670|0.000|1.571|0.000|0.700|0.760|0.800
Mesh_Molding_wall|1|3|7.349|7.580|-14.140|0.000|-1.571|0.000|1.000|1.000|1.000
Mesh_Windowwall|1|11|5.539|8.030|-14.475|0.000|1.571|0.000|1.000|1.000|1.000
Mesh_CeilingArch|1|13|3.904|9.520|-11.880|0.000|1.571|0.000|0.700|0.760|0.800
Mesh_Molding_wall|1|5|-3.803|7.480|-8.741|0.000|-1.571|0.000|1.000|1.000|1.000
Mesh_Windowwall|1|11|-5.147|8.100|-14.235|0.000|1.571|0.000|1.000|1.000|1.000
Mesh_Windowwall|1|11|-5.238|7.970|-9.014|0.000|1.571|0.000|1.000|1.000|1.000
Mesh_Wallin_rosebase|1|1|-6.930|7.700|-11.717|0.000|1.571|0.000|1.000|1.000|1.000
Mesh_CeilingArch|0|15|-6.693|9.600|-11.699|0.000|1.571|0.000|0.700|0.760|0.800
Mesh_Molding_wall|0|4|-6.777|7.600|-14.401|0.000|1.571|0.000|1.000|1.000|1.000
Mesh_CeilingArch|0|14|-3.603|9.520|-11.715|0.000|1.571|0.000|0.700|0.760|0.800
Mesh_Home_Center_Ceiling|0|0|0.001|12.450|-11.965|0.000|0.000|0.000|1.100|1.000|1.250
Mesh_Home_Ceiling|0|4|-7.527|13.010|-11.757|0.000|1.571|0.000|0.700|0.760|0.800
Mesh_Home_SmallCeiling|0|0|5.782|12.050|-11.687|0.000|0.000|0.000|1.300|1.000|1.300
Mesh_Ceiling_Cross|0|2|7.384|6.200|-17.440|0.000|0.000|0.000|1.000|1.000|1.000
Mesh_Molding_longfloor|0|20|4.169|7.520|-20.248|0.000|0.000|0.000|1.000|1.000|1.000
Mesh_Molding_longfloor|0|21|-3.948|7.720|-14.013|0.000|3.142|0.000|1.000|1.000|1.000
Mesh_Home_CeilingArch|0|0|0.141|8.030|-14.579|0.000|0.000|0.000|1.000|1.000|1.000
Mesh_Windowwall|0|11|4.039|8.020|-16.207|0.000|0.000|0.000|1.000|1.000|1.000
Mesh_Windowwall|0|11|4.039|8.020|-19.414|0.000|0.000|0.000|1.000|1.000|1.000
Mesh_Windowwall|0|11|4.039|8.020|-22.671|0.000|0.000|0.000|1.000|1.000|1.100
Mesh_CeilingArch|0|14|0.141|8.030|-17.857|0.000|0.000|0.000|1.000|1.000|1.000
Mesh_CeilingArch|0|14|0.141|8.030|-21.014|0.000|0.000|0.000|1.000|1.000|1.000
Mesh_CeilingArch|0|14|0.141|8.030|-24.361|0.000|0.000|0.000|1.000|1.000|1.000
Mesh_Molding_longfloor|0|22|4.219|7.540|-26.094|0.000|0.000|0.000|1.000|1.000|1.000
Mesh_Windowwall|0|11|-3.783|8.060|-16.197|0.000|0.000|0.000|1.000|1.000|1.000
Mesh_Windowwall|0|11|-3.773|8.020|-19.484|0.000|0.000|0.000|1.000|1.000|1.000
Mesh_Windowwall|0|11|-3.773|8.020|-22.691|0.000|0.000|0.000|1.000|1.000|1.000
Mesh_Molding_longfloor|0|23|-3.938|7.760|-20.020|0.000|3.142|0.000|1.000|1.000|1.000
Mesh_Molding_semicircle|0|0|-0.024|7.650|-24.897|0.000|3.142|0.000|1.000|1.000|1.000
Mesh_Fragnebted_Ceiling|0|0|-0.034|8.220|-24.412|0.000|3.142|0.000|1.000|1.000|1.000
Mesh_Home_Ceiling|0|3|0.080|12.430|-19.514|0.000|0.000|0.000|1.000|1.000|1.100
Mesh_Pillar_ba|0|24|7.388|-1.500|-21.110|0.000|0.000|0.000|1.000|1.000|1.000
Mesh_Clusterd_pillar|0|0|7.158|-1.500|-17.394|0.000|0.000|0.000|1.000|1.000|1.000
Mesh_Wallin_ba|1|22|7.518|-1.500|-19.617|0.000|0.000|0.000|1.000|1.000|1.000
Mesh_Wallin_ba|1|23|7.518|-1.500|-22.619|0.000|0.000|0.000|1.000|1.000|1.000
Mesh_Wallin_ba|1|24|7.398|-1.500|-25.631|0.000|0.192|0.000|1.000|1.000|1.000
Mesh_Windowwall|1|11|7.508|1.300|-19.617|0.000|0.000|0.000|1.000|1.000|1.000
Mesh_Windowwall|1|11|7.508|1.300|-22.619|0.000|0.000|0.000|1.000|1.000|1.000
Mesh_Windowwall|1|11|7.398|1.300|-25.631|0.000|0.192|0.000|1.000|1.000|1.000
Mesh_Staindeglass_ba|1|15|7.508|1.300|-19.617|0.000|0.000|0.000|1.000|1.000|1.000
Mesh_Break_stainedglass|1|5|7.398|1.300|-25.631|0.000|0.192|0.000|1.000|1.000|1.000
Mesh_Floorframe|1|23|6.916|3.790|-17.979|0.000|0.000|0.000|1.000|1.000|1.000
Mesh_Floorframe|1|24|7.246|3.790|-21.062|0.000|0.000|0.000|1.000|1.000|1.000
Mesh_Floorframe|1|25|7.086|3.790|-24.130|0.000|0.000|0.000|1.000|1.000|1.000
Mesh_Break_sideglass|1|4|4.039|8.020|-16.207|0.000|0.000|0.000|1.000|1.000|1.000
Mesh_Break_stainedglass|0|6|5.539|8.030|-14.495|0.000|1.571|0.000|1.000|1.000|1.000
Mesh_Break_stainedglass|0|7|5.409|8.100|-8.687|0.000|1.571|0.000|1.000|1.000|1.000
Mesh_Break_sideglass|1|5|4.039|8.020|-19.414|0.000|0.000|0.000|1.000|1.000|1.000
Mesh_Break_sideglass|1|6|4.039|8.020|-22.621|0.000|0.000|0.000|1.000|1.000|1.100
Mesh_Staindeglass_ba|1|15|-5.147|8.010|-14.235|0.000|1.571|0.000|1.000|1.000|1.000
Mesh_Staindeglass_ba|1|15|-5.238|7.970|-9.014|0.000|1.571|0.000|1.000|1.000|1.000
Mesh_Break_stainedglass|1|8|-3.773|8.020|-22.691|0.000|0.000|0.000|1.000|1.000|1.000
Mesh_Break_stainedglass|1|9|-3.773|8.020|-19.484|0.000|0.000|0.000|1.000|1.000|1.000
Mesh_Break_sideglass|1|7|-3.753|8.020|-16.287|0.000|0.000|0.000|1.000|1.000|1.000
Mesh_Ceiling_finsh|1|18|5.649|7.260|-19.443|0.000|0.000|-0.436|1.000|1.000|1.000
Mesh_Ceiling_finsh|1|19|5.649|7.220|-22.550|0.000|0.000|-0.436|1.000|1.000|1.000
Mesh_Molding_wall|1|4|4.249|7.820|-17.940|0.000|1.571|-0.524|1.000|1.000|1.000
Mesh_Molding_longfloor|1|24|7.394|6.030|-24.309|0.000|0.000|0.000|1.000|1.000|1.000
Mesh_Break_mostglass|1|0|7.508|1.300|-22.619|0.000|0.000|0.000|1.000|1.000|1.000
Mesh_Floorframe|1|26|6.836|3.610|-27.045|0.000|0.244|0.000|1.000|1.000|1.000
Mesh_Ceiling_diagonal|1|0|5.479|7.270|-25.487|-0.105|0.192|-0.349|1.000|1.000|1.000
Mesh_Home_Curtain_floor|1|0|6.365|-0.520|-22.624|0.000|3.142|0.000|1.000|1.000|1.000
Mesh_Home_Curtain_long|1|0|6.895|-1.170|-25.568|0.000|1.728|0.000|1.000|1.000|1.000
Mesh_Molding_wall|1|4|7.164|6.030|-27.160|0.000|0.105|0.000|1.000|1.000|1.000
Mesh_Ceiling_diagonal|1|1|4.621|7.147|-27.787|-0.489|0.436|-0.698|1.000|1.000|1.000
Mesh_Ceiling_diagonal|1|2|2.873|7.080|-29.431|-0.628|0.803|-0.785|1.000|1.000|1.000
Mesh_Ceiling_diagonal|1|3|0.654|7.160|-30.322|-1.361|0.977|-1.431|1.000|1.000|1.000
Mesh_Floorframe|1|27|5.011|3.790|-29.713|-0.017|0.785|0.000|1.000|1.000|1.000
Mesh_Windowwall|1|11|6.205|1.300|-28.397|0.000|0.593|0.000|1.000|1.000|1.000
Mesh_Break_mostglass|1|0|3.916|1.300|-30.797|0.000|1.047|0.000|1.000|1.000|1.000
Mesh_Break_sideglass|1|8|6.205|1.300|-28.397|0.000|0.593|0.000|1.000|1.000|1.000
Mesh_Wallin_ba|1|25|6.375|-1.500|-28.547|0.000|0.593|0.000|1.000|1.000|1.000
Mesh_Molding_wall|1|4|5.218|5.960|-29.960|-0.035|0.593|0.000|1.000|1.000|1.000
Mesh_Floorframe|1|28|2.389|3.790|-31.500|0.000|1.204|0.000|1.000|1.000|1.000
Mesh_Floorframe|1|30|-0.856|3.790|-32.006|0.000|1.693|0.000|1.000|1.000|1.000
Mesh_Floorframe|1|31|-3.979|3.790|-30.626|0.000|2.217|0.000|1.000|1.000|1.000
Mesh_Floorframe|1|32|-5.962|3.790|-28.177|0.000|2.618|0.000|1.000|1.000|1.000
Mesh_Wallin_ba|1|26|3.966|-1.500|-30.867|0.000|1.047|0.000|1.000|1.000|1.000
Mesh_Windowwall|1|11|3.916|1.300|-30.797|0.000|1.012|0.000|1.000|1.000|1.000
Mesh_Pillar_ba|1|22|5.187|-1.500|-29.896|0.000|-0.663|0.000|1.000|1.000|1.000
Mesh_Pillar_ba|1|22|2.607|-1.500|-31.662|0.000|-0.506|0.000|1.000|1.000|1.000
Mesh_Pillar_ba|1|22|-0.771|-1.500|-31.814|0.000|0.000|0.000|1.000|1.000|1.000
Mesh_Pillar_ba|1|22|2.337|-1.500|-31.712|0.000|0.105|-0.017|1.000|1.000|1.000
Mesh_Windowwall|1|11|0.806|1.300|-31.921|0.000|1.484|0.000|1.000|1.000|1.000
Mesh_Molding_wall|1|4|-0.742|5.880|-32.148|0.000|1.449|0.000|1.000|1.000|1.000
Mesh_Molding_wall|1|4|2.576|5.970|-31.651|-0.035|0.960|0.000|1.000|1.000|1.000
Mesh_Wallin_ba|1|27|0.806|-1.500|-31.881|0.000|1.484|0.000|1.000|1.000|1.000
Mesh_Home_Curtain_long|1|1|0.690|-1.260|-31.351|0.000|3.089|0.000|1.000|1.000|1.000
Mesh_Ceiling_diagonal|1|4|-1.882|7.190|-29.959|4.014|-5.428|-2.042|1.000|1.000|1.000
Mesh_Windowwall|1|11|-2.437|1.300|-31.213|0.000|1.990|0.000|1.000|1.000|1.000
Mesh_Wallin_ba|1|28|-2.507|-1.500|-31.473|0.000|1.990|0.000|1.000|1.000|1.000
Mesh_Pillar_ba|1|22|-0.905|-1.500|-31.842|0.000|-9.442|0.000|1.000|1.000|1.000
Mesh_Pillar_ba|1|22|-3.813|-1.500|-30.608|0.000|-2.688|0.000|1.000|1.000|1.000
Mesh_Pillar_ba|1|22|-5.916|-1.500|-28.134|0.000|1.030|0.000|1.000|1.000|1.000
Mesh_Pillar_ba|1|22|-4.034|-1.500|-30.613|0.000|0.314|0.000|1.000|1.000|1.000
Mesh_Ceiling_diagonal|1|5|-4.074|7.190|-28.513|0.384|2.531|0.628|1.000|1.000|1.000
Mesh_Windowwall|1|11|-5.123|1.300|-29.507|0.000|2.461|0.000|1.000|1.000|1.000
Mesh_Wallin_ba|1|29|-5.123|-1.500|-29.507|0.000|2.461|0.000|1.000|1.000|1.000
Mesh_Ceiling_diagonal|1|6|-5.339|7.180|-26.237|0.157|2.915|0.559|1.000|1.000|1.000
Mesh_Pillar_ba|1|22|-6.680|-1.500|-25.115|0.000|0.000|0.000|1.000|1.000|1.000
Mesh_Windowwall|1|11|-6.431|1.300|-26.648|0.000|-0.279|0.000|1.000|1.000|1.000
Mesh_Wallin_ba|1|30|-6.431|-1.500|-26.648|0.000|-0.279|0.000|1.000|1.000|1.000
Mesh_Break_sideglass|1|9|0.806|1.300|-31.921|0.000|1.484|0.000|1.000|1.000|1.000
Mesh_Break_stainedglass|1|10|-2.437|1.300|-31.213|0.000|1.990|0.000|1.000|1.000|1.000
Mesh_Break_mostglass|1|0|-5.123|1.300|-29.507|0.000|2.461|0.000|1.000|1.000|1.000
Mesh_Staindeglass_ba|1|15|-6.431|1.300|-26.648|0.000|-0.279|0.000|1.000|1.000|1.000
Mesh_Home_Curtain_long|1|2|5.505|-1.410|-28.167|0.000|2.094|0.000|1.000|1.000|1.000
Mesh_Home_Curtain_long|1|3|3.286|-1.530|-29.917|0.000|2.635|0.000|1.000|1.000|1.000
Mesh_Home_Curtain_long|1|4|-2.037|-1.420|-30.573|0.017|3.508|0.000|1.000|1.000|1.000
Mesh_Home_Curtain_long|1|5|-4.733|-1.500|-28.960|0.000|4.154|0.000|1.000|1.000|1.000
Mesh_Ceiling_finsh|0|20|-5.376|7.350|-23.256|0.000|-0.052|0.524|1.000|1.000|1.000
Mesh_Ceiling_finsh|0|21|-5.376|7.350|-19.970|0.000|0.000|0.524|1.000|1.000|1.000
Mesh_Windowwall|1|11|-6.604|1.300|-23.459|0.000|0.035|0.000|1.000|1.000|1.000
Mesh_Windowwall|1|11|-6.865|1.300|-20.122|0.000|0.000|0.000|1.000|1.000|1.000
Mesh_Wallin_ba|1|31|-6.865|-1.500|-20.112|0.000|0.000|0.000|1.000|1.000|1.000
Mesh_Wallin_ba|1|32|-6.865|-1.500|-23.549|0.000|0.000|0.000|1.000|1.000|1.000
Mesh_Pillar_ba|1|22|-6.820|-1.500|-21.629|0.000|0.000|0.000|1.000|1.000|1.000
Mesh_Pillar_ba|1|22|-7.030|-1.500|-22.085|0.000|0.000|0.000|1.000|1.000|1.000
Mesh_Molding_wall|0|4|-7.503|-1.500|-24.702|-1.571|-1.571|0.000|1.000|1.000|1.000
Mesh_Molding_longfloor|1|25|-6.662|6.250|-18.771|0.000|3.142|0.000|1.000|1.000|1.000
Mesh_Ceiling_Cross|1|3|-6.984|6.220|-18.468|0.000|1.553|0.000|1.000|1.000|1.000
Mesh_Molding_wall|1|4|-3.987|8.400|-15.346|3.142|1.571|0.017|1.000|1.000|1.000
Mesh_Molding_wall|1|4|-3.887|8.330|-14.800|3.142|1.571|0.000|1.000|1.000|1.000
Mesh_Pillar_ba|1|22|-6.810|-1.500|-18.623|0.000|0.000|0.000|1.000|1.000|1.000
Mesh_Clusterd_pillar|1|1|7.368|-1.500|-6.175|0.000|0.000|0.000|1.300|1.300|1.300
Mesh_Pillar_ba|1|22|7.389|-1.500|-18.107|0.000|0.000|0.000|1.000|1.000|1.000
Mesh_Molding_wall|1|4|7.464|6.030|-20.176|0.000|0.000|0.000|1.000|1.000|1.000
Mesh_Wallin_ba|1|33|8.927|-1.500|-17.704|0.000|1.571|0.000|1.000|1.000|1.000
Mesh_Windowwall|1|11|8.927|1.300|-17.704|0.000|1.571|0.000|1.000|1.000|1.000
Mesh_Molding_wall|1|4|7.427|6.200|-17.744|0.000|1.571|0.000|1.000|1.000|1.000
Mesh_Ceiling_breakdown|1|1|8.904|7.440|-15.954|-0.436|0.000|0.000|1.000|1.000|1.000
Mesh_Pillar_ba|1|22|10.477|-1.500|-17.752|0.000|0.000|0.000|1.000|1.000|1.000
Mesh_Windowwall_Left|1|1|12.037|1.300|-17.714|0.000|1.571|0.000|1.000|1.000|1.000
Mesh_Wallin_Braekba|1|1|11.997|-1.500|-17.714|0.000|-1.571|0.000|1.000|1.000|1.000
Mesh_Clusterd_pillar|1|2|-7.264|-1.500|-18.053|0.000|0.000|0.000|1.100|1.100|1.100
Mesh_Wallin_ba|1|34|-8.842|-1.500|-18.153|0.000|1.571|0.000|1.000|1.000|1.000
Mesh_Wallin_ba|1|35|-18.133|-1.500|-18.153|0.000|1.571|0.000|1.000|1.000|1.000
Mesh_Wallin_ba|1|36|-15.036|-1.500|-18.153|0.000|1.571|0.000|1.000|1.000|1.000
Mesh_Wallin_ba|1|37|-11.939|-1.500|-18.153|0.000|1.571|0.000|1.000|1.000|1.000
Mesh_Pillar_ba|1|22|-10.385|-1.500|-18.143|0.000|0.000|0.000|1.000|1.000|1.000
Mesh_Pillar_ba|1|22|-13.487|-1.500|-18.143|0.000|0.000|0.000|1.000|1.000|1.000
Mesh_Pillar_ba|1|22|-16.589|-1.500|-18.143|0.000|0.000|0.000|1.000|1.000|1.000
Mesh_Floorframe|1|29|-6.889|3.440|-18.188|0.000|2.356|0.000|1.000|1.000|1.000
Mesh_Floorframe|1|29|-7.036|3.640|-17.770|0.000|1.571|0.000|1.000|1.000|1.000
Mesh_Floorframe|1|29|-10.385|3.640|-17.923|0.000|1.571|0.000|1.000|1.000|1.000
Mesh_Floorframe|1|29|-13.487|3.640|-17.923|0.000|1.571|0.000|1.000|1.000|1.000
Mesh_Windowwall|1|11|-8.912|1.300|-18.193|0.000|1.571|0.000|1.000|1.000|1.000
Mesh_Windowwall|1|11|-11.939|1.300|-18.153|0.000|1.571|0.000|1.000|1.000|1.000
Mesh_Windowwall|1|11|-15.036|1.300|-18.193|0.000|1.571|0.000|1.000|1.000|1.000
Mesh_Windowwall|1|11|-18.133|1.300|-18.193|0.000|1.571|0.000|1.000|1.000|1.000
Mesh_Molding_longfloor|1|26|-13.083|6.140|-18.019|0.000|1.571|0.000|1.000|1.000|1.000
Mesh_Molding_longfloor|1|27|-19.021|6.140|-18.029|0.000|1.571|0.000|1.000|1.000|1.000
Mesh_Ceiling_finsh|1|22|-8.804|7.170|-16.303|-0.436|0.000|0.000|1.000|1.000|1.000
Mesh_Ceiling_finsh|1|23|-11.939|7.170|-16.283|-0.436|0.000|0.000|1.000|1.000|1.000
Mesh_Ceiling_finsh|1|24|-15.036|7.170|-16.283|-0.436|0.000|0.000|1.000|1.000|1.000
Mesh_Ceiling_finsh|1|25|-18.133|7.170|-16.283|-0.436|0.000|0.000|1.000|1.000|1.000
Mesh_Molding_wall|1|4|-6.884|6.440|-17.237|-0.437|0.000|0.000|1.000|1.000|1.000
Mesh_Floorframe|1|29|-16.589|3.640|-17.923|0.000|1.571|0.000|1.000|1.000|1.000
Mesh_Molding_longfloor|1|28|-24.757|6.140|-18.039|0.000|1.571|0.000|1.000|1.000|1.000
Mesh_Pillar_ba|1|22|-19.551|-1.500|-18.143|0.000|0.000|0.000|1.000|1.000|1.000
Mesh_Floorframe|1|29|-19.631|3.640|-17.913|0.000|1.571|0.000|1.000|1.000|1.000
Mesh_Floorframe|1|29|-6.820|3.680|-21.629|0.000|3.142|0.000|1.000|1.000|1.000
Mesh_Floorframe|1|29|-7.134|3.600|-6.426|0.000|-1.571|0.000|1.000|1.000|1.000
Mesh_Wallin_ba|1|38|-20.028|-1.500|-16.410|0.000|0.000|0.000|1.000|1.000|1.000
Mesh_Wall_longstucco|1|4|-20.058|-1.500|-16.622|0.000|0.000|0.000|1.000|1.000|1.000
Mesh_Wall_longstucco|1|5|-20.058|-1.500|-13.532|0.000|3.142|0.000|1.000|1.000|1.000
Mesh_Wall_longstucco|1|6|-20.058|-1.500|-10.362|0.000|3.142|0.000|1.000|1.000|1.000
Mesh_Molding_longfloor|1|29|-19.364|7.510|-14.911|0.000|1.571|0.000|1.000|1.000|1.000
Mesh_Molding_longfloor|1|30|-13.271|7.510|-14.871|0.000|1.571|0.000|1.000|1.000|1.000
Mesh_Molding_longfloor|1|31|-7.088|7.220|-8.388|0.000|3.142|0.000|1.000|1.000|1.000
Mesh_Home_Floor_One|0|0|-9.460|8.090|-11.884|0.000|1.571|0.000|1.300|1.300|1.300
Mesh_Clusterd_pillar|1|3|-7.264|-1.500|-6.426|0.000|0.000|0.000|1.100|1.100|1.100
Mesh_Wallin_ba|1|39|-8.842|-1.500|-6.096|0.000|1.571|0.000|1.000|1.000|1.000
Mesh_Windowwall|1|11|-8.842|1.300|-6.096|0.000|1.571|0.000|1.000|1.000|1.000
Mesh_Pillar_ba|1|22|-10.385|-1.500|-6.335|0.000|0.000|0.000|1.000|1.000|1.000
Mesh_Pillar_ba|1|22|-19.691|-1.500|-6.335|0.000|0.000|0.000|1.000|1.000|1.000
Mesh_Pillar_ba|1|22|-16.589|-1.500|-6.335|0.000|0.000|0.000|1.000|1.000|1.000
Mesh_Pillar_ba|1|22|-13.487|-1.500|-6.335|0.000|0.000|0.000|1.000|1.000|1.000
Mesh_Wallin_ba|1|40|-18.133|-1.500|-6.096|0.000|1.571|0.000|1.000|1.000|1.000
Mesh_Wallin_ba|1|41|-15.036|-1.500|-6.096|0.000|1.571|0.000|1.000|1.000|1.000
Mesh_Wallin_ba|1|42|-11.939|-1.500|-6.096|0.000|1.571|0.000|1.000|1.000|1.000
Mesh_Windowwall|1|11|-11.939|1.300|-6.096|0.000|1.571|0.000|1.000|1.000|1.000
Mesh_Windowwall|1|11|-18.133|1.300|-6.096|0.000|1.571|0.000|1.000|1.000|1.000
Mesh_Windowwall|1|11|-15.036|1.300|-6.096|0.000|1.571|0.000|1.000|1.000|1.000
Mesh_Wall_longstucco|1|7|-20.058|-1.500|-7.322|0.000|0.000|0.000|1.000|1.000|1.000
Mesh_Pillar_ba|1|22|-19.948|-1.500|-14.876|0.000|0.000|0.000|1.300|1.300|1.300
Mesh_Wallin_ba|1|43|-20.028|-1.500|-13.313|0.000|0.000|0.000|1.000|1.000|1.000
Mesh_Wallin_ba|1|44|-20.028|-1.500|-10.216|0.000|0.000|0.000|1.000|1.000|1.000
Mesh_Pillar_ba|1|22|-19.948|-1.500|-11.774|0.000|0.000|0.000|1.300|1.300|1.300
Mesh_Pillar_ba|1|22|-19.948|-1.500|-8.672|0.000|0.000|0.000|1.300|1.300|1.300
Mesh_Wallin_ba|1|45|-20.028|-1.500|-7.204|0.000|0.000|0.000|1.000|1.000|1.000
Mesh_Floorframe|1|29|-10.395|3.580|-6.545|0.000|-1.571|0.000|1.000|1.000|1.000
Mesh_Floorframe|1|29|-13.487|3.580|-6.545|0.000|-1.571|0.000|1.000|1.000|1.000
Mesh_Floorframe|1|29|-19.611|3.580|-6.545|0.000|-1.571|0.000|1.000|1.000|1.000
Mesh_Floorframe|1|29|-16.589|3.580|-6.545|0.000|-1.571|0.000|1.000|1.000|1.000
Mesh_Ceiling_finsh|1|26|-8.804|7.170|-7.978|0.436|0.000|0.000|1.000|1.000|1.000
Mesh_Ceiling_finsh|1|27|-11.922|7.170|-7.978|0.436|0.000|0.000|1.000|1.000|1.000
Mesh_Molding_longfloor|1|32|-7.647|5.980|-6.365|0.000|-1.571|0.000|1.000|1.000|1.000
Mesh_Molding_longfloor|1|33|-13.628|5.980|-6.365|0.000|-1.571|0.000|1.000|1.000|1.000
Mesh_Ceiling_finsh|1|28|-18.158|7.170|-7.978|0.436|0.000|0.000|1.000|1.000|1.000
Mesh_Ceiling_finsh|1|29|-15.040|7.170|-7.978|0.436|0.000|0.000|1.000|1.000|1.000
Mesh_Molding_longfloor|1|34|-12.567|7.540|-9.240|0.000|3.142|0.000|1.000|1.000|1.000
Mesh_Home_Floor_One|1|1|-15.137|8.090|-11.884|0.000|0.000|0.000|1.300|1.300|1.300
Mesh_Molding_longfloor|1|35|-19.844|7.540|-8.932|0.000|3.142|0.000|1.000|1.000|1.000
Mesh_Home_Floor_One|1|2|-20.508|8.090|-11.784|0.000|0.000|0.000|1.300|1.300|1.300
Mesh_Wall_longstucco|1|8|-20.082|6.200|-11.843|-1.571|0.000|0.000|1.000|1.000|1.000
Mesh_Molding_longfloor|1|36|-18.052|7.540|-9.088|0.000|3.142|0.000|1.000|1.000|1.000
Mesh_Wall_longstucco|0|9|-20.092|6.430|-5.923|-1.571|0.000|0.000|1.000|1.000|1.000
Mesh_Moglding_showfloor|1|2|-6.784|2.740|-18.037|0.000|0.000|0.000|1.000|1.000|1.000
Mesh_Moglding_showfloor|1|2|-7.013|2.970|-17.260|0.000|0.000|0.000|1.000|1.000|1.000
Mesh_Moglding_showfloor|1|2|-10.385|2.970|-17.340|0.000|0.000|0.000|1.000|1.000|1.000
Mesh_Moglding_showfloor|1|2|-13.487|2.970|-17.340|0.000|0.000|0.000|1.000|1.000|1.000
Mesh_Moglding_showfloor|1|2|-16.589|2.970|-17.340|0.000|0.000|0.000|1.000|1.000|1.000
Mesh_Moglding_showfloor|1|2|-19.631|2.970|-17.340|0.000|0.000|0.000|1.000|1.000|1.000
Mesh_Wall_longstucco|1|10|-20.078|7.000|-11.624|1.571|0.000|0.000|1.000|1.000|1.000
Mesh_Moglding_showfloor|1|2|-19.611|2.880|-7.050|0.000|0.000|0.000|1.000|1.000|1.000
Mesh_Moglding_showfloor|1|2|-16.589|2.880|-7.050|0.000|0.000|0.000|1.000|1.000|1.000
Mesh_Moglding_showfloor|1|2|-10.385|2.880|-7.050|0.000|0.000|0.000|1.000|1.000|1.000
Mesh_Moglding_showfloor|1|2|-13.487|2.880|-7.050|0.000|0.000|0.000|1.000|1.000|1.000
Mesh_Moglding_showfloor|1|2|-7.264|2.880|-7.120|0.000|0.000|0.000|1.000|1.000|1.000
Mesh_Molding_downpawn|1|1|-7.264|2.880|-7.050|0.000|0.000|0.000|1.000|1.000|1.000
Mesh_Molding_downpawn|1|1|-10.385|2.880|-7.050|0.000|0.000|0.000|1.000|1.000|1.000
Mesh_Molding_downpawn|1|1|-13.487|2.880|-7.050|0.000|0.000|0.000|1.000|1.000|1.000
Mesh_Molding_downpawn|1|1|-16.589|2.880|-7.050|0.000|0.000|0.000|1.000|1.000|1.000
Mesh_Molding_downpawn|1|1|-19.611|2.880|-7.050|0.000|0.000|0.000|1.000|1.000|1.000
Mesh_Molding_downpawn|1|1|-13.487|2.970|-17.340|0.000|0.000|0.000|1.000|1.000|1.000
Mesh_Molding_downpawn|1|1|-7.013|2.970|-17.260|0.000|0.000|0.000|1.000|1.000|1.000
Mesh_Molding_downpawn|1|1|-10.385|2.970|-17.340|0.000|0.000|0.000|1.000|1.000|1.000
Mesh_Molding_downpawn|1|1|-16.589|2.970|-17.340|0.000|0.000|0.000|1.000|1.000|1.000
Mesh_Molding_downpawn|1|1|-19.631|2.970|-17.340|0.000|0.000|0.000|1.000|1.000|1.000
Mesh_Molding_downpawn|1|1|-6.784|2.740|-18.037|0.000|0.000|0.000|1.000|1.000|1.000
Mesh_Floorframe|0|29|-6.680|3.700|-25.025|0.000|3.072|0.000|1.000|1.000|1.000
Mesh_Wallin_ba|1|47|9.161|-1.500|-5.680|0.000|1.571|0.000|1.000|1.000|1.000
Mesh_Wallin_ba|1|48|12.258|-1.500|-5.680|0.000|1.571|0.000|1.000|1.000|1.000
Mesh_Pillar_ba|1|22|10.692|-1.500|-5.730|0.000|0.000|0.000|1.000|1.000|1.000
Mesh_Pillar_ba|1|22|13.794|-1.500|-5.730|0.000|0.000|0.000|1.000|1.000|1.000
Mesh_Floorframe|1|29|7.700|3.790|-5.976|0.000|-1.571|0.000|1.000|1.000|1.000
Mesh_Floorframe|1|29|10.712|3.790|-5.915|0.000|-1.571|0.000|1.000|1.000|1.000
Mesh_Windowwall|1|11|9.161|1.300|-5.680|0.000|1.571|0.000|1.000|1.000|1.000
Mesh_Ceiling_finsh|1|30|9.160|7.500|-7.435|0.349|0.000|0.000|1.000|1.000|1.000
Mesh_Molding_wall|1|4|10.673|6.320|-5.750|0.000|-1.571|0.000|1.000|1.000|1.000
Mesh_Molding_wall|1|4|10.642|7.500|-8.558|0.000|-1.571|0.000|1.000|1.000|1.000
Mesh_Molding_wall|1|4|13.882|6.240|-5.720|0.000|-1.571|0.000|1.000|1.000|1.000
Mesh_Wallin_ba|1|46|15.355|-1.480|-5.680|0.000|1.571|0.000|1.000|1.000|1.000
Mesh_Home_floorstone|2|3|3.530|-1.500|0.563|0.000|0.785|0.000|1.000|1.000|1.000
Mesh_Home_floorstone|2|3|0.691|-1.500|-2.254|0.000|0.785|0.000|1.000|1.000|1.000
Mesh_Home_floorstone|2|3|-2.064|-1.500|6.132|0.000|0.785|0.000|1.000|1.000|1.000
Mesh_Home_floorstone|2|3|3.898|-1.500|5.826|0.000|0.785|0.000|1.000|1.000|1.000
Mesh_Floorstone_halfA|2|0|1.067|-1.500|8.654|0.000|0.785|0.000|1.000|1.000|1.000
Mesh_Floorstone_halfA|2|1|-4.864|-1.500|8.946|0.000|0.785|0.000|1.000|1.000|1.000
Mesh_Floorstone_halfA|2|2|6.650|-1.500|8.650|0.000|0.785|0.000|1.000|1.000|1.000
Mesh_Home_floorstone|2|3|-4.881|-1.500|3.354|0.000|0.785|0.000|1.000|1.000|1.000
Mesh_Home_floorstone|2|3|-7.693|-1.500|6.147|0.000|0.785|0.000|1.000|1.000|1.000
Mesh_Home_floorstone|2|3|6.679|-1.500|2.974|0.000|0.785|0.000|1.000|1.000|1.000
Mesh_Home_floorstone|2|3|6.326|-1.500|-2.295|0.000|0.785|0.000|1.000|1.000|1.000
Mesh_Home_floorstone|2|3|-6.677|-1.500|-0.528|0.000|0.785|0.000|1.000|1.000|1.000
Mesh_Home_floorstone|2|3|-3.854|-1.500|-3.335|0.000|0.785|0.000|1.000|1.000|1.000
Mesh_Home_floorstone|2|3|-1.026|-1.500|-6.197|0.000|0.785|0.000|1.000|1.000|1.000
Mesh_Home_floorstone|2|3|3.506|-1.500|-5.057|0.000|0.785|0.000|1.000|1.000|1.000
Mesh_Home_floorstone|2|3|-6.666|-1.500|-6.160|0.000|0.785|0.000|1.000|1.000|1.000
Mesh_Home_floorstone|2|3|-3.833|-1.500|-9.014|0.000|0.785|0.000|1.000|1.000|1.000
Mesh_Home_floorstone|2|3|1.785|-1.500|-8.959|0.000|0.785|0.000|1.000|1.000|1.000
Mesh_Home_floorstone|2|3|6.326|-1.500|-7.859|0.000|0.785|0.000|1.000|1.000|1.000
Mesh_Floorstone_pice_three|2|5|6.361|-1.500|-5.102|0.000|0.785|0.000|1.000|1.000|1.000
Mesh_Home_floorstone|2|3|-6.602|-1.500|-11.814|0.000|0.785|0.000|1.000|1.000|1.000
Mesh_Home_floorstone|2|3|-9.365|-1.500|-14.652|0.000|0.785|0.000|1.000|1.000|1.000
Mesh_Home_floorstone|2|3|-9.383|-1.500|-9.023|0.000|0.785|0.000|1.000|1.000|1.000
Mesh_Home_floorstone|2|3|-12.163|-1.540|-11.834|0.000|0.785|0.000|1.000|1.000|1.000
Mesh_Home_floorstone|2|3|-1.021|-1.500|-11.816|0.000|0.785|0.000|1.000|1.000|1.000
Mesh_Home_floorstone|2|3|4.575|-1.500|-11.729|0.000|0.785|0.000|1.000|1.000|1.000
Mesh_Home_floorstone|2|3|1.755|-1.500|-14.535|0.000|0.785|0.000|1.000|1.000|1.000
Mesh_Home_floorstone|2|3|-3.847|-1.500|-14.645|0.000|0.785|0.000|1.000|1.000|1.000
Mesh_Home_floorstone|2|3|7.402|-1.460|-14.536|0.000|0.785|0.000|1.000|1.000|1.000
Mesh_Home_floorstone|2|3|4.580|-1.500|-17.357|0.000|0.785|0.000|1.000|1.000|1.000
Mesh_Home_floorstone|2|3|-0.995|-1.500|-17.397|0.000|0.785|0.000|1.000|1.000|1.000
Mesh_Home_floorstone|2|3|-14.983|-1.500|-9.008|0.000|0.785|0.000|1.000|1.000|1.000
Mesh_Home_floorstone|2|3|-12.201|-1.500|-6.204|0.000|0.785|0.000|1.000|1.000|1.000
Mesh_Home_floorstone|2|3|-17.779|-1.500|-6.210|0.000|0.785|0.000|1.000|1.000|1.000
Mesh_Home_floorstone|2|3|-12.170|-1.500|-17.501|0.000|0.785|0.000|1.000|1.000|1.000
Mesh_Home_floorstone|2|3|-6.623|-1.500|-17.500|0.000|0.785|0.000|1.000|1.000|1.000
Mesh_Home_floorstone|2|3|-14.960|-1.500|-14.662|0.000|0.785|0.000|1.000|1.000|1.000
Mesh_Home_floorstone|2|3|-17.771|-1.500|-11.826|0.000|0.785|0.000|1.000|1.000|1.000
Mesh_Home_floorstone|2|3|-17.434|-1.500|-17.869|0.000|0.785|0.000|1.000|1.000|1.000
Mesh_Home_floorstone|2|3|-20.223|-1.500|-15.019|0.000|0.785|0.000|1.000|1.000|1.000
Mesh_Home_floorstone|2|3|-20.602|-1.520|-9.010|0.000|0.785|0.000|1.000|1.000|1.000
Mesh_Home_stairs|1|0|4.095|-1.320|-20.046|0.000|3.142|0.000|1.000|1.000|1.000
Mesh_Home_stairs|1|1|-4.968|-1.320|-20.046|0.000|3.142|0.000|1.000|1.000|1.000
Mesh_Home_stairs|1|2|-1.947|-1.320|-20.046|0.000|3.142|0.000|1.000|1.000|1.000
Mesh_Home_stairs|1|3|1.074|-1.320|-20.046|0.000|3.142|0.000|1.000|1.000|1.000
Mesh_Home_stairs|1|4|7.116|-1.320|-20.046|0.000|3.142|0.000|1.000|1.000|1.000
Mesh_Home_floorstone|2|3|1.812|-1.500|-20.206|0.000|0.785|0.000|1.000|1.000|1.000
Mesh_Home_floorstone|2|3|-3.783|-1.500|-20.277|0.000|0.785|0.000|1.000|1.000|1.000
Mesh_Floorstone_halfA|2|3|4.789|-0.620|-20.354|0.000|0.785|0.000|1.000|1.000|1.000
Mesh_Floorstone_halfA|2|4|-0.823|-0.620|-20.354|0.000|0.785|0.000|1.000|1.000|1.000
Mesh_Home_floorstone|2|3|1.966|-0.620|-23.171|0.000|0.785|0.000|1.000|1.000|1.000
Mesh_Home_floorstone|2|3|-3.996|-0.620|-22.791|0.000|0.785|0.000|1.000|1.000|1.000
Mesh_Home_floorstone|2|3|9.123|-1.500|-10.675|0.000|0.785|0.000|1.000|1.000|1.000
Mesh_Home_floorstone|2|3|7.223|-0.660|-23.458|0.000|0.785|0.000|1.000|1.000|1.000
Mesh_Home_floorstone|2|3|4.458|-0.620|-26.319|0.000|0.785|0.000|1.000|1.000|1.000
Mesh_Home_floorstone|2|3|-1.199|-0.620|-25.591|0.000|0.785|0.000|1.000|1.000|1.000
Mesh_Home_floorstone|2|3|1.249|-0.620|-28.743|0.000|0.785|0.000|1.000|1.000|1.000
Mesh_Floorstone_pice|2|2|1.607|-0.620|-25.971|0.000|0.785|0.000|1.000|1.000|1.000
Mesh_Home_floorstone|2|3|-4.015|-0.620|-28.391|0.000|0.785|0.000|1.000|1.000|1.000
Mesh_Home_floorstone|2|3|-1.579|-0.620|-31.535|0.000|0.785|0.000|1.000|1.000|1.000
Mesh_Home_floorstone|2|3|4.075|-0.620|-31.547|0.000|0.785|0.000|1.000|1.000|1.000
Mesh_Home_floorstone|2|3|7.316|-0.620|-29.096|0.000|0.785|0.000|1.000|1.000|1.000
Mesh_Home_floorstone|2|3|-6.849|-0.620|-25.571|0.000|0.785|0.000|1.000|1.000|1.000
Mesh_Home_floorstone|2|3|-2.097|-1.500|0.542|0.000|0.785|0.000|1.000|1.000|1.000
Mesh_Floorstone_halfA|2|5|-7.187|-0.620|-20.354|0.000|0.785|0.000|1.000|1.000|1.000
Mesh_Wallin_ba|0|46|16.999|-1.500|-7.053|0.000|0.000|0.000|1.000|1.000|1.000
Mesh_Windowwall_Botton|0|1|16.959|1.300|-6.893|0.000|0.000|0.000|1.000|1.000|1.000
Mesh_Windowwall_Botton|0|2|15.355|1.300|-5.680|0.000|1.571|0.000|1.000|1.000|1.000
Mesh_Home_floorstone|2|3|10.559|-1.500|-6.447|0.000|0.785|0.000|1.000|1.000|1.000
Mesh_Home_floorstone|2|3|13.348|-1.500|-9.292|0.000|0.785|0.000|1.000|1.000|1.000
Mesh_Home_floorstone|2|3|11.990|-1.500|-13.473|0.000|0.785|0.000|1.000|1.000|1.000
Mesh_Home_floorstone|2|3|10.211|-1.500|-17.325|0.000|0.785|0.000|1.000|1.000|1.000
Mesh_Home_floorstone|2|3|7.405|-1.500|-20.175|0.000|0.785|0.000|1.000|1.000|1.000
Mesh_Home_floorstone|2|3|15.839|-1.500|-6.156|0.000|0.785|0.000|1.000|1.000|1.000
Mesh_Wallin_Braekba|2|2|17.006|-1.500|-9.455|0.000|0.000|0.000|1.000|1.000|1.000
Mesh_Wallin_Window|0|0|-6.892|10.360|-11.630|0.000|1.571|0.000|1.000|1.000|1.000
Mesh_Molding_longfloor|1|37|-13.199|7.320|-9.573|0.000|-1.571|0.000|1.000|1.000|1.000
Mesh_Molding_longfloor|1|38|-7.269|7.320|-9.553|0.000|-1.571|0.000|1.000|1.000|1.000
Mesh_Home_Curtain_long|1|6|-6.066|-1.500|-26.462|0.000|-1.815|0.000|1.000|1.000|1.000
Mesh_Home_Curtain_long|1|7|-6.264|-1.500|-23.343|-0.035|-1.536|0.000|1.000|1.000|1.000
Mesh_Staindeglass_ba|1|15|-6.596|1.300|-23.443|0.000|0.000|0.000|1.000|1.000|1.000
Mesh_Staindeglass_ba|1|15|-6.865|1.300|-20.122|0.000|0.000|0.000|1.000|1.000|1.000
Mesh_Staindeglass_ba|1|15|-8.912|1.300|-18.193|0.000|1.571|0.000|1.000|1.000|1.000
Mesh_Staindeglass_ba|1|15|-18.133|1.300|-18.193|0.000|1.571|0.000|1.000|1.000|1.000
Mesh_Staindeglass_ba|1|15|-15.036|1.300|-18.193|0.000|1.571|0.000|1.000|1.000|1.000
Mesh_Staindeglass_ba|1|15|-11.939|1.300|-18.153|0.000|1.571|0.000|1.000|1.000|1.000
Mesh_Staindeglass_ba|1|15|-8.842|1.300|-6.096|0.000|1.571|0.000|1.000|1.000|1.000
Mesh_Staindeglass_ba|1|15|-11.939|1.300|-6.096|0.000|1.571|0.000|1.000|1.000|1.000
Mesh_Staindeglass_ba|1|15|-15.036|1.300|-6.096|0.000|1.571|0.000|1.000|1.000|1.000
Mesh_Staindeglass_ba|1|15|-18.133|1.300|-6.096|0.000|1.571|0.000|1.000|1.000|1.000
Mesh_Pillar_ba|1|22|6.836|-1.500|-26.951|0.000|0.000|0.000|1.000|1.000|1.000
Mesh_Pillar_ba|1|22|5.513|-1.500|-29.563|0.000|0.140|0.000|1.000|1.000|1.000
Mesh_Pillar_ba|1|22|7.375|-1.500|-24.099|0.000|0.000|0.000|1.000|1.000|1.000
Mesh_Floorframe|1|29|10.441|3.600|-17.440|0.000|1.571|0.000|1.000|1.000|1.000
Mesh_Molding_wall|1|4|7.627|7.280|-14.510|0.000|1.571|0.000|1.000|1.000|1.000
Mesh_Molding_downpawn|1|1|6.587|3.800|-17.978|0.000|0.000|0.000|1.000|1.000|1.000
Mesh_Molding_downpawn|1|1|6.916|3.800|-21.112|0.000|0.000|0.000|1.000|1.000|1.000
Mesh_Molding_downpawn|1|1|6.626|3.800|-24.154|0.000|0.000|0.000|1.000|1.000|1.000
Mesh_Molding_downpawn|1|1|6.416|3.640|-26.921|0.000|0.000|0.000|1.000|1.000|1.000
Mesh_Molding_downpawn|1|1|4.751|3.800|-29.415|0.000|0.000|0.000|1.000|1.000|1.000
Mesh_Molding_downpawn|1|1|2.289|3.800|-31.056|0.000|0.000|0.000|1.000|1.000|1.000
Mesh_Molding_downpawn|1|1|-0.802|3.800|-31.479|0.000|0.000|0.000|1.000|1.000|1.000
Mesh_Molding_downpawn|1|1|-5.539|3.800|-27.877|0.000|0.000|0.000|1.000|1.000|1.000
Mesh_Molding_downpawn|1|1|-6.303|3.740|-24.995|0.000|0.000|0.000|1.000|1.000|1.000
Mesh_Molding_downpawn|1|1|-6.329|3.720|-21.629|0.000|0.000|0.000|1.000|1.000|1.000
Mesh_Molding_downpawn|1|1|-3.624|3.800|-30.187|0.000|0.000|0.000|1.000|1.000|1.000
Mesh_Floorframe_curve|1|0|17.461|-1.280|-13.759|1.257|0.698|1.169|1.000|1.000|1.000
Mesh_Breakwall|1|0|12.258|1.300|-5.680|0.000|1.571|0.000|1.000|1.000|1.000
Mesh_Clusterd_pillar|0|4|17.930|-4.120|-16.151|0.820|0.052|-0.017|1.100|1.100|1.100
Mesh_Wallin_Braekba|0|3|15.685|-0.600|-16.325|1.134|0.576|-0.489|1.000|1.000|1.000
Mesh_Moglding_showfloor|1|2|14.914|-1.060|-15.787|-0.803|0.017|1.571|1.000|1.000|1.000
Mesh_Moglding_showfloor|1|2|14.006|-0.920|-16.184|0.000|0.000|1.571|1.000|1.000|1.000
Mesh_Moglding_showfloor|1|2|12.868|-1.300|-17.064|-0.646|0.681|0.000|1.000|1.000|1.000
Mesh_Windowwall|1|11|5.403|8.100|-8.678|0.000|1.571|0.000|1.000|1.000|1.000
Mesh_Home_floorstone|2|3|0.703|-1.500|3.385|0.000|0.785|0.000|1.000|1.000|1.000
Mesh_Home_Lawn_L|2|5|16.051|-1.500|-10.658|0.000|0.000|0.000|1.000|1.000|1.000
Mesh_Home_Lawn_L|2|6|13.984|-1.500|-15.678|0.000|-1.815|0.000|1.000|1.000|1.000
Mesh_Wallin_UpBreakba|2|0|13.912|0.230|-17.920|3.142|1.082|0.000|1.000|1.000|1.000
Mesh_Home_Lawn_L|2|7|18.042|-1.700|-12.928|0.000|0.000|0.000|1.000|1.000|1.000
Mesh_Home_Lawn_L|2|8|18.326|-2.100|-18.087|0.000|1.885|0.000|1.000|1.000|1.000
Mesh_Home_Floorground|2|2|-13.560|-10.300|8.402|0.000|2.932|0.000|0.800|0.800|0.800
Mesh_Home_Lawn_L|2|9|-10.083|-1.500|9.198|0.000|0.000|0.000|1.000|1.000|1.000
Mesh_Home_Lawn_L|2|10|-14.042|-2.000|6.692|0.000|0.000|0.000|1.000|1.000|1.000
Mesh_Home_Lawn_L|2|11|-17.234|-2.000|6.967|0.000|0.000|0.000|1.000|1.000|1.000
Mesh_Home_Lawn_L|2|12|-10.754|-1.200|7.623|0.000|0.000|0.000|1.000|1.000|1.000
Mesh_Home_Floorground|2|3|10.955|-10.100|11.468|0.000|1.571|0.000|0.800|0.800|0.800
Mesh_Home_Lawn_L|2|13|13.896|-1.700|14.314|0.000|0.960|0.000|1.000|1.000|1.000
Mesh_Home_Lawn_L|2|14|11.501|-1.600|10.287|0.000|0.000|0.000|1.000|1.000|1.000
Mesh_Home_Lawn_L|2|15|9.896|-0.800|15.826|0.105|1.518|0.000|0.800|0.800|0.800
Mesh_Home_Lawn_S|2|4|8.310|-1.200|8.275|0.000|-0.663|0.000|1.000|1.000|1.000
Mesh_Fence|3|1|5.321|-1.500|9.795|0.000|-0.436|0.000|1.000|1.000|1.000
Mesh_Fence|3|2|2.778|-1.500|8.899|0.000|0.000|0.000|1.000|1.000|1.000
Mesh_Fence|3|3|-2.617|-1.500|8.899|0.000|0.000|0.000|1.000|1.000|1.000
Mesh_Fence|3|4|-5.482|-1.500|9.795|0.000|0.436|0.000|1.000|1.000|1.000
Mesh_Mistletoe|1|0|0.000|0.000|15.984|0.000|0.000|0.000|1.000|1.000|1.000
Mesh_Fence|3|5|2.476|0.000|15.015|0.000|-0.384|0.000|1.000|1.000|1.000
Mesh_Fence|3|6|-5.506|0.000|15.117|0.000|0.000|0.000|1.000|1.000|1.000
Mesh_Fence|3|7|-3.079|-0.000|14.624|0.000|0.419|0.000|1.000|1.000|1.000
Mesh_Ironfloor|3|0|-4.129|-1.400|0.435|0.000|0.000|0.000|1.000|1.000|1.000
Mesh_Weponshop|3|0|-3.205|-1.400|-0.999|0.000|-1.571|0.000|1.000|1.000|1.000
Mesh_ShowCase|3|0|-3.835|-1.400|2.014|0.000|0.000|0.000|1.000|1.000|1.000
Mesh_Display_Rebar|3|2|-5.856|-1.400|2.310|0.000|0.000|0.000|1.000|1.000|1.000
Mesh_Home_barshelf|3|0|6.639|-1.400|-1.876|0.000|3.142|0.000|1.000|1.000|1.000
Mesh_Home_Counterbar|3|0|5.015|-1.400|-0.712|0.000|3.142|0.000|1.000|1.000|1.000
Mesh_Bookcase|3|0|6.279|-1.400|7.394|0.000|1.571|0.000|1.000|1.000|1.000
Mesh_Townfloor|3|0|4.742|-1.400|-1.231|0.000|0.000|0.000|1.000|1.000|1.000
Mesh_Windowwall_Up|2|0|15.433|-1.500|-10.690|-0.646|0.070|-0.663|1.000|1.000|1.000
Mesh_Home_barpillar|3|0|4.383|-0.420|1.087|0.000|0.000|0.000|1.000|1.000|1.000
Mesh_Home_barpillar|3|1|4.383|-0.420|-4.599|0.000|0.000|0.000|1.000|1.000|1.000
Mesh_Home_Barboard|3|0|4.349|0.960|0.268|0.000|3.142|0.000|1.000|1.000|1.000
Mesh_Home_Barboard|3|1|4.349|0.960|-1.739|0.000|3.142|0.000|1.000|1.000|1.000
Mesh_Home_Barboard|3|2|5.245|0.960|-4.666|0.000|1.571|0.000|1.000|1.000|1.000
Mesh_Home_Barboard|3|4|4.349|0.960|-3.719|0.000|3.142|0.000|1.000|1.000|1.000
Mesh_Locker|3|0|-5.856|-1.500|6.970|0.000|-1.571|0.000|1.000|1.000|1.000
Mesh_Locker|3|1|-5.856|-1.500|8.134|0.000|-1.571|0.000|1.000|1.000|1.000
Mesh_Home_Rug|3|0|0.477|-0.500|-23.240|0.000|3.142|0.000|1.000|1.000|1.000
Mesh_Long_Sofa|3|0|2.614|-0.500|-23.269|0.000|1.571|0.000|1.000|1.000|1.000
Mesh_Long_Sofa|3|1|-1.568|-0.500|-23.809|0.000|-1.745|0.000|1.000|1.000|1.000
Mesh_Shot_Sofa|3|0|-1.243|-0.500|-21.397|0.000|-0.750|0.000|1.000|1.000|1.000
Mesh_Home_Long_GSofa|3|0|0.517|-0.500|-25.773|0.000|3.142|0.000|1.000|1.000|1.000
Mesh_Home_Piano|3|0|5.285|-0.500|-24.936|0.000|3.142|0.000|1.000|1.000|1.000
Mesh_Mapframe|3|0|-4.943|-0.500|-25.606|0.000|-1.868|0.000|1.000|1.000|1.000
Mesh_FramemapB|3|0|-4.931|-0.490|-25.589|0.000|-1.868|0.000|1.000|1.000|1.000
Mesh_FramemapC|3|0|-4.923|-0.500|-25.617|0.000|-1.868|0.000|1.000|1.000|1.000
Mesh_Home_Car|3|0|-8.977|-1.500|-16.238|0.000|-1.571|0.000|1.000|1.000|1.000
Mesh_Rebar|3|0|-8.906|-1.420|-14.703|0.000|0.000|0.000|1.400|1.400|1.400
Mesh_BikeA|3|1|-14.453|-1.440|-16.366|0.000|0.000|0.000|1.000|1.000|1.000
Mesh_Locker|3|2|-12.366|-1.440|-16.559|0.000|3.142|0.000|1.000|1.000|1.000
Mesh_Locker|3|3|-13.415|-1.440|-16.559|0.000|3.142|0.000|1.000|1.000|1.000
Mesh_Bookcase|1|1|-6.437|0.000|17.153|0.000|-1.571|0.000|1.000|1.000|1.000
Mesh_Bookcase|1|2|-6.437|0.000|19.752|0.000|-1.571|0.000|1.000|1.000|1.000
Mesh_Billiards|1|0|5.345|0.000|18.320|0.000|1.484|0.000|1.000|1.000|1.000
Mesh_Wood_Box|0|0|5.638|-0.000|21.039|0.000|0.000|0.000|0.600|0.600|0.600
Mesh_Wood_Box2|0|0|4.409|0.000|20.239|0.000|0.541|0.000|1.000|1.000|1.000
Mesh_Wood_Box|0|1|-5.602|0.000|21.599|0.000|0.681|0.000|0.600|0.600|0.600
Mesh_Wood_Box|0|2|-5.782|0.000|23.014|0.000|0.000|0.000|0.600|0.600|0.600
Mesh_Wood_Box2|0|1|-5.032|0.000|16.065|0.000|0.000|0.000|1.000|1.000|1.000
Mesh_Wood_Box|3|3|-15.533|-1.500|-15.175|0.000|-1.257|0.000|0.600|0.600|0.600
Mesh_Wood_Box|3|4|-16.026|-1.500|-13.951|0.000|0.000|0.000|0.600|0.600|0.600
Mesh_Wood_Box|3|5|-11.756|-1.500|-14.688|0.000|0.750|0.000|0.600|0.600|0.600
Mesh_Wood_Box2|3|2|10.936|-1.500|-16.348|0.000|0.000|0.000|1.000|1.000|1.000
Mesh_Wood_Box2|3|3|12.051|-1.500|-15.828|0.000|0.000|0.000|1.000|1.000|1.000
Mesh_Wood_Box|3|6|14.994|-1.500|-7.194|0.000|0.000|0.000|0.600|0.600|0.600
Mesh_Wood_Box2|3|4|14.251|-1.500|-8.379|0.000|0.384|0.000|1.000|1.000|1.000
Mesh_Wood_Box2|3|5|9.610|-1.500|-15.714|0.000|-0.436|0.000|1.000|1.000|1.000
Mesh_Wood_Box|3|7|11.072|-1.500|-14.704|0.000|-0.541|0.000|0.600|0.600|0.600
Mesh_Wood_Box2|3|6|8.435|-1.500|-16.135|0.000|-0.890|0.000|1.000|1.000|1.000
Mesh_Wood_Box2|3|7|13.087|-1.500|-7.610|0.000|0.000|0.000|1.000|1.000|1.000
